40
16 -17.944269 0.903164 -18.729425 1.241821 -19.753993 1.129001 -20.588961 0.524601 -21.016168 -0.413462 -20.923997 -1.440094 -20.336528 -2.287060 -19.565641 -2.657048 -18.990528 -1.458773 -19.444644 -1.240819 -19.631599 -0.971282 -19.660932 -0.644568 -19.524978 -0.346040 -19.259259 -0.153697 -18.933202 -0.117793 -18.470680 -0.317290 
6 -32.501078 18.721832 -33.143661 19.834819 -34.428827 19.834819 -35.071410 18.721832 -34.428827 17.608846 -33.143661 17.608846 
8 -32.101211 -31.337805 -33.074233 -29.403479 -35.654568 -28.865911 -37.319082 -30.250752 -36.072211 -31.749431 -35.131026 -30.966385 -34.393009 -31.120139 -33.842822 -32.213886 
5 -18.465375 -19.487997 -19.203703 -18.471775 -20.398342 -18.859937 -20.398342 -20.116056 -19.203703 -20.504218 
8 -13.138684 -22.779704 -14.320229 -21.443690 -16.453015 -21.917010 -16.958480 -23.627415 -15.652922 -24.013239 -15.374832 -23.072230 -14.808515 -22.946550 -14.158468 -23.681581 
4 25.909316 20.255704 24.285836 21.879184 22.662356 20.255704 24.285836 18.632224 
5 -10.561213 5.603584 -11.903848 7.451563 -14.076277 6.745698 -14.076277 4.461471 -11.903848 3.755606 
4 36.398320 -31.745665 35.066275 -30.413620 33.734231 -31.745665 35.066275 -33.077709 
12 -32.995065 22.930938 -32.248626 23.022187 -31.536332 23.583665 -31.219076 24.433353 -31.389080 25.324262 -31.893055 25.882389 -32.714896 25.140287 -32.418664 24.812225 -32.364864 24.530284 -32.465264 24.261389 -32.690679 24.083702 -33.129429 24.030067 
6 6.759380 8.967546 3.169537 8.650443 3.429638 5.056021 5.326354 5.193271 5.201343 6.920839 6.926710 7.073247 
14 -29.788223 30.698013 -29.441011 29.670463 -28.372764 28.911586 -27.062463 28.924170 -26.008987 29.703422 -25.613431 30.952655 -25.955257 31.982009 -27.276283 31.543326 -27.076740 30.942434 -27.199728 30.554018 -27.527279 30.311730 -27.934682 30.307818 -28.266826 30.543770 -28.469513 31.143609 
4 32.409710 17.645179 31.165723 18.889167 29.921736 17.645179 31.165723 16.401192 
16 -13.054904 -34.782175 -12.924561 -35.366382 -12.473753 -35.928833 -11.821284 -36.235202 -11.100572 -36.222841 -10.458992 -35.894279 -10.027736 -35.316701 -9.917502 -34.728367 -10.952837 -34.534381 -11.018045 -34.882402 -11.156746 -35.068164 -11.363092 -35.173837 -11.594889 -35.177812 -11.804737 -35.079278 -11.949727 -34.898381 -12.026830 -34.552800 
8 16.698837 20.836481 16.224924 21.980610 15.080794 22.454524 13.936665 21.980610 13.462751 20.836481 13.936665 19.692351 15.080794 19.218437 16.224924 19.692351 
8 -12.499344 22.699329 -11.687565 21.350589 -9.760533 21.428099 -9.059700 22.837680 -10.131587 23.370614 -10.516864 22.595708 -11.027454 22.575171 -11.473722 23.316629 
12 15.318475 33.869998 14.598984 35.462245 12.494650 35.811799 11.034949 34.256266 11.517424 32.178376 13.152146 31.561446 13.661970 32.912360 12.749353 33.256774 12.616013 33.831032 13.019425 34.260928 13.600991 34.164323 14.002662 33.275419 
8 -13.117354 -29.806151 -13.052948 -31.163220 -11.564198 -31.906193 -10.441051 -31.141784 -11.026986 -30.280869 -11.645432 -30.701782 -12.041671 -30.504035 -12.077135 -29.756783 
8 8.197434 24.631222 5.939385 24.529438 5.038846 21.893672 6.762547 20.431480 7.759127 21.606296 6.836168 22.389230 7.057729 23.037712 8.266806 23.092212 
3 35.219114 4.176266 32.830398 5.555391 32.830398 2.797140 
3 -14.660736 25.195638 -16.454757 26.231417 -16.454757 24.159859 
6 -35.561942 31.843406 -33.751883 34.637389 -36.659163 36.259233 -37.472425 34.801398 -36.122520 34.048346 -36.962965 32.751047 
12 35.480765 -2.437750 35.497919 -1.399268 34.676767 -0.446455 33.429818 -0.281341 32.388981 -0.987600 32.135264 -1.994758 33.251458 -2.275944 33.398077 -1.693923 33.713345 -1.479998 34.091043 -1.530011 34.339768 -1.818616 34.329855 -2.418739 
4 6.571976 -12.172404 4.868939 -10.469367 3.165902 -12.172404 4.868939 -13.875442 
6 12.798579 -34.077907 15.148201 -31.675469 13.234058 -28.913497 11.595998 -30.048729 12.572887 -31.458310 11.373750 -32.684402 
8 35.023490 -5.618623 33.509082 -5.367341 32.561892 -7.006404 33.535760 -8.193061 34.334998 -7.537141 33.815294 -6.903882 34.046085 -6.504511 34.854247 -6.638608 
4 37.259071 -13.494815 36.189347 -12.425091 35.119623 -13.494815 36.189347 -14.564539 
5 -20.671255 -22.393250 -21.854963 -20.764015 -23.770244 -21.386328 -23.770244 -23.400173 -21.854963 -24.022485 
12 -34.557459 -6.799133 -34.451755 -5.914107 -34.949382 -4.959895 -35.898666 -4.452931 -36.968448 -4.570070 -37.645177 -5.150141 -36.866756 -6.058271 -36.470735 -5.718814 -36.135997 -5.682161 -35.838963 -5.840791 -35.683253 -6.139367 -35.745112 -6.657284 
5 -9.857743 -25.250759 -10.623594 -24.196655 -11.862768 -24.599287 -11.862768 -25.902231 -10.623594 -26.304863 
12 -16.017538 32.993278 -15.378154 32.246367 -14.196321 32.098506 -13.222735 32.784598 -12.964468 33.947306 -13.452802 34.800663 -14.385291 34.267046 -14.103418 33.774478 -14.181410 33.423362 -14.475415 33.216175 -14.832306 33.260826 -15.201367 33.691952 
3 -21.002221 26.720830 -22.747423 27.728422 -22.747423 25.713237 
12 17.480010 -11.149389 18.347928 -10.344797 18.485976 -8.918224 17.641241 -7.760387 16.240612 -7.456404 15.209496 -8.037310 15.854216 -9.181696 16.450151 -8.845961 16.874526 -8.938064 17.130472 -9.288877 17.088645 -9.721113 16.587031 -10.186129 
6 6.336023 -36.328412 4.671717 -35.337669 3.012477 -36.336873 3.765584 -37.587455 4.676049 -37.039168 5.589293 -37.582812 
6 -24.013538 18.243514 -24.615967 19.286951 -25.820824 19.286951 -26.423253 18.243514 -25.820824 17.200076 -24.615967 17.200076 
3 -4.451423 -32.765885 -7.328446 -31.104835 -7.328446 -34.426935 
6 -22.282621 8.646218 -18.273774 7.951486 -18.980278 11.958275 -20.686410 11.657438 -20.408205 10.079657 -21.986797 10.353226 
16 -32.567723 -22.895808 -31.486699 -23.934884 -29.682470 -24.114260 -28.153487 -23.139772 -27.554223 -21.428544 -28.141190 -19.713060 -29.663139 -18.727623 -31.156239 -18.865251 -30.989888 -20.669957 -30.121526 -20.589915 -29.652843 -20.893379 -29.472087 -21.421662 -29.656630 -21.948633 -30.127479 -22.248726 -30.683090 -22.193487 -31.311796 -21.589178 
8 20.668496 0.594040 20.328625 1.414562 19.508103 1.754433 18.687581 1.414562 18.347710 0.594040 18.687581 -0.226482 19.508103 -0.566353 20.328625 -0.226482 
4 5.401581 0.039521 4.266205 1.174898 3.130828 0.039521 4.266205 -1.095856 
5 -10.407911 -8.483894 -11.433892 -7.071753 -13.093963 -7.611143 -13.093963 -9.356645 -11.433892 -9.896035 
