70
7 -12.303872 2.438914 -12.851009 3.575057 -14.080416 3.855661 -15.066324 3.069426 -15.066324 1.808403 -14.080416 1.022168 -12.851009 1.302772 
4 -11.324472 -29.116977 -12.399103 -28.042345 -13.473735 -29.116977 -12.399103 -30.191608 
7 -36.063775 6.504063 -36.463127 7.333326 -37.360463 7.538137 -38.080070 6.964269 -38.080070 6.043856 -37.360463 5.469988 -36.463127 5.674800 
3 10.415874 -28.163017 8.546177 -27.083547 8.546177 -29.242487 
10 3.622785 3.215348 4.451204 1.455590 6.798531 1.098089 8.403516 2.847882 7.946070 4.738323 6.380558 4.359503 6.636026 3.303760 6.192046 2.819724 5.542716 2.918618 5.080075 3.901378 
5 31.345670 -29.022932 30.319379 -27.610364 28.658806 -28.149917 28.658806 -29.895947 30.319379 -30.435500 
5 -13.325817 22.349288 -14.578223 24.073076 -16.604658 23.414648 -16.604658 21.283928 -14.578223 20.625499 
5 35.504693 -2.382621 34.660982 -1.221354 33.295831 -1.664919 33.295831 -3.100324 34.660982 -3.543889 
6 -9.542600 29.049954 -10.441614 30.607092 -12.239643 30.607092 -13.138657 29.049954 -12.239643 27.492816 -10.441614 27.492816 
5 -18.527000 -23.715411 -19.607058 -22.228839 -21.354628 -22.796659 -21.354628 -24.634163 -19.607058 -25.201983 
16 34.073538 -23.191928 33.703277 -22.258705 32.794747 -21.460525 31.622569 -21.163000 30.443351 -21.431264 29.515240 -22.206589 29.041411 -23.319246 29.111298 -24.320801 30.814068 -24.201984 30.772771 -23.610147 30.924760 -23.253242 31.222468 -23.004543 31.600724 -22.918492 31.976720 -23.013929 32.268148 -23.269960 32.486942 -23.821418 
12 11.629860 18.697396 12.437851 18.315185 13.489768 18.564384 14.155745 19.415916 14.144143 20.496886 13.578508 21.188977 12.751695 20.513237 13.080399 20.111044 13.083965 19.778837 12.879295 19.517142 12.556016 19.440557 12.086472 19.662669 
6 -35.559176 -8.185056 -37.462919 -11.550385 -33.675252 -12.327078 -33.338164 -10.683214 -34.867054 -10.369702 -34.098609 -9.011289 
8 16.759714 -24.048317 16.629955 -22.283025 14.561633 -21.596973 13.402593 -22.934778 14.328988 -23.737383 14.952296 -23.017940 15.467512 -23.188835 15.537294 -24.138172 
6 8.231787 24.008092 11.558233 24.093764 12.113261 27.374697 10.163485 27.704537 9.879983 26.028675 8.180874 25.984915 
6 20.828409 -36.114944 22.700994 -34.975361 22.481897 -32.794255 20.902409 -32.952919 21.021565 -34.139114 20.003159 -34.758877 
3 7.086868 22.167228 4.290300 23.781827 4.290300 20.552629 
3 -22.498522 23.811556 -24.786110 25.132296 -24.786110 22.490816 
10 15.415387 -33.887980 14.405684 -35.142792 15.092817 -36.989419 17.031040 -37.343644 18.090326 -36.130396 17.136971 -35.298023 16.550854 -35.969329 16.028060 -35.873785 15.842721 -35.375697 16.401403 -34.681392 
6 -32.262337 -25.612532 -33.207771 -23.974991 -35.098640 -23.974991 -36.044074 -25.612532 -35.098640 -27.250072 -33.207771 -27.250072 
8 -18.996782 5.186042 -19.510456 6.426161 -20.750575 6.939835 -21.990694 6.426161 -22.504368 5.186042 -21.990694 3.945923 -20.750575 3.432249 -19.510456 3.945923 
5 -23.668708 10.693227 -24.499948 11.837330 -25.844923 11.400322 -25.844923 9.986131 -24.499948 9.549123 
12 -13.078557 -8.294041 -13.582002 -7.440314 -14.633662 -6.872171 -15.827636 -6.928753 -16.820856 -7.593801 -17.241310 -8.491312 -15.911925 -9.114086 -15.664723 -8.586404 -15.350204 -8.375805 -14.972112 -8.357887 -14.639087 -8.537799 -14.343092 -9.039740 
14 -20.290928 31.830832 -20.133939 30.592509 -19.063232 29.528845 -17.564759 29.348917 -16.272681 30.128870 -15.733809 31.538626 -16.099692 32.732033 -17.550591 32.287207 -17.337718 31.592874 -17.503828 31.158308 -17.902119 30.917883 -18.364032 30.973347 -18.694083 31.301228 -18.785421 32.021693 
3 5.957264 -10.461108 3.395324 -8.981971 3.395324 -11.940244 
4 12.268658 -18.864366 10.956525 -17.552233 9.644392 -18.864366 10.956525 -20.176499 
16 21.532526 -7.641057 20.825667 -7.676815 20.075656 -8.081345 19.572200 -8.768872 19.412971 -9.606015 19.628860 -10.430365 20.177984 -11.081998 20.822355 -11.374767 21.351447 -10.210260 20.969988 -10.036945 20.793039 -9.826963 20.723471 -9.561325 20.774781 -9.291564 20.937014 -9.070015 21.178698 -8.939659 21.597148 -8.918491 
6 20.130223 25.301217 19.255396 26.816462 17.505743 26.816462 16.630916 25.301217 17.505743 23.785973 19.255396 23.785973 
7 37.222360 5.641833 36.754774 6.612786 35.704117 6.852592 34.861555 6.180672 34.861555 5.102995 35.704117 4.431075 36.754774 4.670880 
7 -8.233969 -20.871510 -8.943348 -19.398469 -10.537309 -19.034658 -11.815566 -20.054034 -11.815566 -21.688987 -10.537309 -22.708363 -8.943348 -22.344552 
4 21.576019 1.600451 20.109328 3.067141 18.642638 1.600451 20.109328 0.133760 
8 -5.528683 32.690200 -5.849622 33.465014 -6.624435 33.785952 -7.399249 33.465014 -7.720187 32.690200 -7.399249 31.915387 -6.624435 31.594449 -5.849622 31.915387 
6 -4.622825 -33.139129 -5.325628 -31.921837 -6.731235 -31.921837 -7.434038 -33.139129 -6.731235 -34.356420 -5.325628 -34.356420 
5 -27.267877 21.128009 -28.239704 22.465613 -29.812153 21.954694 -29.812153 20.301323 -28.239704 19.790404 
14 11.511986 34.823938 10.462945 33.553938 10.417937 31.562535 11.615807 29.971050 13.541903 29.463246 15.368704 30.257293 16.148235 31.708402 14.397619 32.648827 13.944314 31.804993 13.381937 31.560547 12.788991 31.716874 12.420229 32.206809 12.434084 32.819860 13.044111 33.558377 
8 10.637455 -32.265739 10.186687 -31.177490 9.098439 -30.726723 8.010191 -31.177490 7.559424 -32.265739 8.010191 -33.353987 9.098439 -33.804754 10.186687 -33.353987 
6 34.880432 -31.591834 37.585482 -30.631253 36.100680 -28.174553 34.964847 -28.861038 35.607965 -29.925118 34.436316 -30.341179 
14 6.132247 -17.667978 6.861281 -17.506229 7.505828 -16.876899 7.721901 -16.002365 7.444606 -15.145274 6.757223 -14.563035 6.018586 -14.453177 5.859482 -15.522921 6.293332 -15.587448 6.510460 -15.771364 6.598052 -16.042099 6.529799 -16.318345 6.326201 -16.517136 5.897992 -16.612142 
5 13.801759 -3.983490 12.799182 -2.603561 11.176978 -3.130647 11.176978 -4.836333 12.799182 -5.363419 
3 -5.435063 26.171612 -8.213202 27.775572 -8.213202 24.567653 
5 -19.498021 15.193945 -20.738117 16.900790 -22.744634 16.248833 -22.744634 14.139056 -20.738117 13.487099 
14 4.796558 35.525215 4.058483 34.319718 4.493767 32.660306 5.992388 31.825288 7.632545 32.328283 8.405379 33.859898 7.935855 35.193136 6.599175 34.722400 6.868031 33.958968 6.639483 33.506027 6.154443 33.357278 5.711260 33.604215 5.582535 34.094949 6.005167 34.785234 
6 6.575128 -19.569079 5.117920 -21.438898 6.536548 -23.338154 7.727527 -22.448565 6.987663 -21.458037 7.747648 -20.482861 
10 -25.103478 -25.377949 -25.230301 -23.965374 -26.841211 -23.309194 -28.163013 -24.439878 -27.837926 -25.820374 -26.811745 -25.578723 -26.989597 -24.823466 -26.644034 -24.527868 -26.222888 -24.699415 -26.153505 -25.472222 
7 -22.273677 30.012257 -22.773637 31.050435 -23.897037 31.306844 -24.797934 30.588403 -24.797934 29.436112 -23.897037 28.717671 -22.773637 28.974080 
10 -24.110924 -4.379932 -26.049036 -5.323692 -26.534873 -7.905367 -24.752646 -9.835327 -22.609169 -9.606267 -22.808410 -7.741827 -24.014606 -7.870725 -24.517834 -7.325783 -24.380654 -6.596823 -23.290022 -6.065743 
6 -26.989141 32.316780 -27.901983 33.897869 -29.727667 33.897869 -30.640509 32.316780 -29.727667 30.735692 -27.901983 30.735692 
10 -36.234415 30.702153 -37.547072 29.472533 -37.326520 27.292775 -35.459962 26.145628 -33.781644 26.792374 -34.351827 28.272011 -35.298086 27.907367 -35.827855 28.232952 -35.890452 28.851613 -35.150358 29.544891 
14 11.008189 11.960033 10.054569 11.838144 9.308594 10.943389 9.371163 9.780139 10.208810 8.970564 11.373517 8.947670 12.090521 9.588102 11.400235 10.360922 10.986854 9.991688 10.636203 9.998581 10.384018 10.242314 10.365181 10.592526 10.589767 10.861904 11.139566 10.932177 
3 -34.410663 -31.816173 -37.019974 -30.309687 -37.019974 -33.322660 
10 -34.825432 38.085296 -36.956396 36.803008 -36.373570 33.790546 -33.344182 33.303290 -32.129934 35.473745 -33.581313 36.285710 -34.227937 35.129877 -34.961618 35.247885 -35.102772 35.977466 -33.967968 36.660324 
10 -17.088632 5.817661 -14.434662 6.536622 -13.950998 9.884643 -16.832259 11.657073 -19.083961 10.079004 -17.978055 8.501017 -16.763333 9.352335 -16.039187 8.906871 -16.160746 8.065414 -17.592478 7.677557 
6 -12.639494 -24.158901 -13.610350 -22.477328 -15.552064 -22.477328 -16.522921 -24.158901 -15.552064 -25.840474 -13.610350 -25.840474 
14 14.814779 -32.433546 15.914031 -32.073671 16.600823 -30.852195 16.281366 -29.487777 15.123706 -28.698151 13.736813 -28.898687 13.005028 -29.794430 13.978822 -30.589980 14.401035 -30.073169 14.819379 -30.012679 15.168577 -30.250863 15.264938 -30.662428 15.057774 -31.030875 14.423547 -31.238510 
8 32.015522 17.657635 31.654474 18.529281 30.782828 18.890329 29.911181 18.529281 29.550134 17.657635 29.911181 16.785988 30.782828 16.424940 31.654474 16.785988 
6 38.236076 1.073341 37.483793 2.376333 35.979227 2.376333 35.226944 1.073341 35.979227 -0.229652 37.483793 -0.229652 
6 -30.549060 -20.318903 -28.330638 -22.138299 -26.677088 -19.793651 -27.848029 -18.967852 -28.613487 -20.053233 -29.640436 -19.211001 
7 -32.968834 22.738832 -33.436474 23.709897 -34.487252 23.949730 -35.329911 23.277732 -35.329911 22.199931 -34.487252 21.527934 -33.436474 21.767767 
5 30.987276 4.873780 29.918969 6.344179 28.190411 5.782537 28.190411 3.965024 29.918969 3.403381 
8 29.273389 -13.320894 29.776982 -15.627547 32.620873 -16.211996 33.993315 -14.290888 32.636087 -13.321283 31.894170 -14.359798 31.175230 -14.212049 30.902997 -12.965115 
7 36.048777 -9.091775 35.371766 -7.685948 33.850537 -7.338737 32.630605 -8.311600 32.630605 -9.871950 33.850537 -10.844813 35.371766 -10.497602 
3 20.157818 10.086507 17.700513 11.505233 17.700513 8.667781 
10 35.575883 13.229365 33.946955 13.411728 32.336675 12.250174 31.923746 10.308089 32.747965 8.891287 34.300183 9.794284 33.824330 10.612257 33.949098 11.199064 34.435648 11.550030 35.376090 11.444745 
7 -4.117149 -9.936539 -4.785813 -8.548046 -6.288285 -8.205116 -7.493175 -9.165983 -7.493175 -10.707095 -6.288285 -11.667963 -4.785813 -11.325033 
12 31.006828 -36.419492 31.754832 -37.321359 33.175528 -37.399294 34.198199 -36.410055 34.167508 -34.987554 33.290991 -34.209999 32.527849 -35.070268 33.028632 -35.514510 33.037655 -35.932707 32.737003 -36.223531 32.319336 -36.200619 31.891977 -35.685353 
4 17.875905 35.727816 16.482248 37.121474 15.088590 35.727816 16.482248 34.334159 
6 -13.064729 -33.798257 -13.616230 -32.843030 -14.719231 -32.843030 -15.270732 -33.798257 -14.719231 -34.753484 -13.616230 -34.753484 
8 -4.569811 -3.740792 -4.866397 -3.024771 -5.582418 -2.728185 -6.298439 -3.024771 -6.595024 -3.740792 -6.298439 -4.456813 -5.582418 -4.753398 -4.866397 -4.456813 
4 -21.840967 35.517992 -23.302254 36.979279 -24.763541 35.517992 -23.302254 34.056706 
12 -18.317399 20.449769 -18.347848 21.791098 -19.697784 22.715229 -21.235950 22.158102 -21.680961 20.583836 -20.845371 19.534131 -19.947545 20.248822 -20.416582 20.838047 -20.291770 21.279580 -19.860362 21.435837 -19.481746 21.176647 -19.464655 20.423726 
