75
4 -40.000000 -41.000000 40.000000 -41.000000 40.000000 -40.000000 -40.000000 -40.000000 
4 -40.000000 40.000000 40.000000 40.000000 40.000000 41.000000 -40.000000 41.000000 
4 -41.000000 -41.000000 -40.000000 -41.000000 -40.000000 41.000000 -41.000000 41.000000 
4 40.000000 -41.000000 41.000000 -41.000000 41.000000 41.000000 40.000000 41.000000 
8 19.667942 20.262938 19.205447 21.379500 18.088884 21.841996 16.972322 21.379500 16.509827 20.262938 16.972322 19.146375 18.088884 18.683880 19.205447 19.146375 
5 37.546242 -26.392802 36.661899 -25.175609 35.231002 -25.640535 35.231002 -27.145070 36.661899 -27.609996 
16 26.082125 -23.260458 26.205463 -24.110229 26.743151 -24.992542 27.583891 -25.593157 28.592866 -25.815762 29.608279 -25.624660 30.467301 -25.050496 30.936746 -24.331507 29.506284 -23.397523 29.227708 -23.824181 28.949205 -24.010331 28.619997 -24.072288 28.292877 -24.000117 28.020301 -23.805392 27.845977 -23.519337 27.772786 -23.015071 
14 -22.697318 21.346298 -21.945562 22.459879 -21.853723 24.077499 -22.602451 25.514348 -23.980905 26.365812 -25.600917 26.392121 -26.766329 25.723530 -25.765827 23.979566 -25.080341 24.372825 -24.566775 24.364485 -24.129786 24.094559 -23.892429 23.639058 -23.921544 23.126251 -24.363720 22.471252 
6 8.499437 -11.712968 7.553042 -10.073764 5.660252 -10.073764 4.713857 -11.712968 5.660252 -13.352172 7.553042 -13.352172 
6 -8.114331 -19.674870 -9.327036 -20.823312 -8.838056 -22.420331 -7.666846 -22.061727 -7.933557 -21.190644 -7.272095 -20.564234 
8 4.306336 -21.530590 3.807429 -20.326123 2.602962 -19.827216 1.398495 -20.326123 0.899589 -21.530590 1.398495 -22.735057 2.602962 -23.233963 3.807429 -22.735057 
4 -11.807143 -32.639785 -13.853738 -30.593190 -15.900333 -32.639785 -13.853738 -34.686380 
14 29.915374 -4.983475 28.998590 -6.788976 29.905241 -9.076584 32.219910 -9.911734 34.378317 -8.730021 34.921787 -6.330061 33.737841 -4.687320 32.169625 -5.817554 32.843960 -6.753204 32.685488 -7.453015 32.056111 -7.797594 31.381170 -7.554071 31.116797 -6.887020 31.638966 -5.858669 
4 -4.315780 25.304628 -6.450544 27.439392 -8.585307 25.304628 -6.450544 23.169865 
3 16.579084 -19.642004 14.573191 -18.483901 14.573191 -20.800107 
8 -29.853343 6.872007 -30.345686 8.060630 -31.534309 8.552973 -32.722931 8.060630 -33.215275 6.872007 -32.722931 5.683385 -31.534309 5.191041 -30.345686 5.683385 
4 -2.616708 -18.959988 -3.831187 -17.745510 -5.045665 -18.959988 -3.831187 -20.174466 
4 17.110390 36.134157 15.425651 37.818896 13.740913 36.134157 15.425651 34.449419 
14 -0.752671 18.376194 -2.241436 16.651784 -1.901958 13.905259 0.362153 12.313894 3.061343 12.924644 4.419820 15.335698 3.698712 17.496720 1.606623 16.798614 2.017995 15.565810 1.620203 14.859800 0.829822 14.680959 0.166840 15.146946 0.067434 15.951188 0.916734 16.934917 
6 13.997817 15.852213 13.328634 17.011273 11.990266 17.011273 11.321083 15.852213 11.990266 14.693153 13.328634 14.693153 
5 -15.003795 34.665165 -16.436120 36.636592 -18.753671 35.883574 -18.753671 33.446757 -16.436120 32.693739 
6 -34.052734 -26.701578 -34.705743 -25.570532 -36.011762 -25.570532 -36.664772 -26.701578 -36.011762 -27.832623 -34.705743 -27.832623 
3 7.317604 23.100650 5.042940 24.413928 5.042940 21.787372 
6 7.556398 9.484282 3.603596 11.355965 1.607433 7.464542 3.681780 6.400475 4.647120 8.282359 6.558686 7.377217 
5 -10.745922 11.041548 -11.604810 12.223707 -12.994521 11.772162 -12.994521 10.310934 -11.604810 9.859390 
14 26.912164 -18.416993 26.754340 -16.547760 24.976306 -15.125101 22.720479 -15.435919 21.393436 -17.286411 21.822628 -19.522738 23.402503 -20.534141 24.409369 -18.961352 23.505372 -18.382631 23.378692 -17.722561 23.770380 -17.176372 24.436207 -17.084632 24.961008 -17.504542 25.051314 -18.574108 
3 36.047523 -31.859828 33.318676 -30.284328 33.318676 -33.435329 
7 4.274710 27.826724 3.397526 29.648215 1.426513 30.098086 -0.154118 28.837575 -0.154118 26.815873 1.426513 25.555362 3.397526 26.005233 
6 8.193770 -0.702899 7.484882 0.524931 6.067107 0.524931 5.358219 -0.702899 6.067107 -1.930729 7.484882 -1.930729 
16 15.166871 -10.557444 16.358706 -10.802517 17.793051 -10.508508 18.995535 -9.673152 19.771624 -8.431592 19.995765 -6.984682 19.631697 -5.566499 18.889270 -4.602481 16.979816 -6.073024 17.420338 -6.645027 17.538342 -7.104699 17.465692 -7.573683 17.214140 -7.976107 16.824382 -8.246869 16.359471 -8.342165 15.652292 -8.196750 
6 -29.818403 18.476241 -30.635675 19.891798 -32.270219 19.891798 -33.087491 18.476241 -32.270219 17.060685 -30.635675 17.060685 
16 -17.159081 -4.258582 -17.788579 -5.533274 -17.637990 -7.241337 -16.621451 -8.622210 -15.035238 -9.273429 -13.341659 -9.005193 -12.034316 -7.895682 -11.586538 -6.546386 -13.570694 -5.887922 -13.833880 -6.680982 -14.247545 -7.032049 -14.783421 -7.116923 -15.285325 -6.910867 -15.606975 -6.473936 -15.654624 -5.933476 -15.284632 -5.184266 
8 -30.145880 32.489629 -30.964841 34.656900 -33.772589 35.068762 -35.179478 33.227995 -33.772862 32.152925 -32.998663 33.165882 -32.252661 33.056453 -31.801994 31.863823 
6 -24.994590 -0.523789 -22.697822 -1.585642 -21.820284 0.787668 -23.001050 1.224260 -23.406119 0.128749 -24.466298 0.618896 
4 -33.269800 3.326259 -34.364907 4.421366 -35.460014 3.326259 -34.364907 2.231152 
4 16.226946 3.813055 15.096360 4.943642 13.965773 3.813055 15.096360 2.682468 
16 13.972473 -32.483028 15.295222 -31.352837 15.604468 -29.269256 14.469471 -27.494792 12.448244 -26.901846 10.534508 -27.781937 9.669138 -29.702374 10.171698 -31.368036 12.046715 -30.802310 11.755932 -29.838552 12.018899 -29.254973 12.600442 -28.987533 13.214649 -29.167716 13.559550 -29.706937 13.465577 -30.340092 12.700230 -30.994025 
8 27.330078 -7.920286 26.557408 -8.771526 26.806133 -10.149446 27.827653 -10.676821 28.294211 -9.773102 27.717985 -9.475617 27.647299 -9.084026 28.083153 -8.603852 
8 22.653125 10.063134 24.531485 8.121385 27.260854 10.104304 25.994682 12.490815 24.627610 11.765510 25.263845 10.566319 24.709274 10.163417 23.765423 11.139121 
7 25.926523 -33.457092 25.209116 -31.967380 23.597117 -31.599452 22.304394 -32.630364 22.304394 -34.283819 23.597117 -35.314731 25.209116 -34.946803 
10 -2.203871 -2.494199 -1.302483 -4.214248 1.015928 -4.672913 2.827361 -3.154983 2.789582 -1.213426 1.028904 -1.247686 1.050286 -2.346561 0.530878 -2.781810 -0.133900 -2.650293 -0.644064 -1.676786 
7 34.728585 3.941792 34.169727 5.102272 32.913985 5.388886 31.906958 4.585810 31.906958 3.297774 32.913985 2.494697 34.169727 2.781312 
12 -13.844131 -19.981506 -15.277128 -19.568122 -16.926338 -20.301422 -17.716559 -21.924128 -17.276917 -23.674652 -16.067858 -24.547891 -15.061098 -23.153962 -15.761937 -22.647784 -15.896167 -22.113320 -15.654900 -21.617882 -15.151369 -21.393994 -14.320723 -21.633614 
5 14.050612 -6.142576 12.578888 -4.116921 10.197589 -4.890653 10.197589 -7.394499 12.578888 -8.168230 
8 -6.289007 -31.192064 -7.086386 -32.630777 -5.723767 -34.137612 -4.212355 -33.488504 -4.639250 -32.494503 -5.440085 -32.838439 -5.765316 -32.478786 -5.342818 -31.716471 
6 -14.292253 5.996915 -15.095377 7.387966 -16.701624 7.387966 -17.504748 5.996915 -16.701624 4.605864 -15.095377 4.605864 
16 31.233230 14.367740 31.758919 13.179440 33.113404 12.386099 34.676107 12.534365 35.857227 13.568278 36.210984 15.097617 35.603862 16.545175 34.495578 17.223491 33.621163 15.794803 34.268297 15.398730 34.457192 14.948351 34.347127 14.472527 33.979645 14.150846 33.493440 14.104716 33.072019 14.351548 32.765065 15.045405 
8 38.262355 0.203506 37.766723 1.400066 36.570163 1.895698 35.373603 1.400066 34.877971 0.203506 35.373603 -0.993055 36.570163 -1.488686 37.766723 -0.993055 
5 -20.630081 5.370489 -22.087051 7.375836 -24.444477 6.609862 -24.444477 4.131117 -22.087051 3.365142 
3 10.746853 -23.318240 8.665733 -22.116705 8.665733 -24.519776 
8 20.810109 -31.141023 21.423244 -30.108679 20.843376 -28.764618 19.671686 -28.502300 19.446263 -29.509193 20.104429 -29.656543 20.267375 -30.034233 19.922963 -30.614125 
5 -10.758153 2.717928 -11.457335 3.680269 -12.588634 3.312687 -12.588634 2.123168 -11.457335 1.755587 
8 -27.107318 -0.262825 -27.673815 1.104820 -29.041461 1.671317 -30.409106 1.104820 -30.975603 -0.262825 -30.409106 -1.630470 -29.041461 -2.196968 -27.673815 -1.630470 
12 -30.374267 -4.226098 -31.351476 -3.920121 -32.457598 -4.484333 -32.852901 -5.661438 -32.311537 -6.778920 -31.347725 -7.124790 -30.987431 -6.120785 -31.541402 -5.921990 -31.703083 -5.588247 -31.585024 -5.236698 -31.254674 -5.068193 -30.693003 -5.244059 
10 -14.716466 24.968546 -14.714097 23.501939 -13.389243 22.310670 -11.617283 22.496460 -10.753827 23.681950 -11.899277 24.516243 -12.391748 23.840100 -12.910319 23.785728 -13.298043 24.134357 -13.299394 24.970835 
3 -27.353619 -23.357776 -29.706789 -21.999173 -29.706789 -24.716380 
14 -16.544651 -10.832994 -18.459824 -10.481328 -20.503670 -11.654549 -21.305098 -13.870733 -20.484392 -16.079849 -18.430402 -17.235219 -16.518366 -16.866880 -16.940961 -14.673201 -18.048883 -14.886633 -18.675409 -14.534212 -18.925749 -13.860367 -18.681290 -13.184367 -18.057858 -12.826501 -16.948118 -13.030272 
6 -6.743279 -27.220685 -7.961468 -25.110719 -10.397846 -25.110719 -11.616035 -27.220685 -10.397846 -29.330650 -7.961468 -29.330650 
6 -18.399881 18.744795 -19.393355 20.465542 -21.380303 20.465542 -22.373776 18.744795 -21.380303 17.024048 -19.393355 17.024048 
4 19.741982 -14.469071 17.596844 -12.323933 15.451707 -14.469071 17.596844 -16.614208 
3 -9.366824 -1.625955 -12.647533 0.268163 -12.647533 -3.520074 
6 -4.090456 5.827116 -5.075260 7.532846 -7.044867 7.532846 -8.029671 5.827116 -7.044867 4.121386 -5.075260 4.121386 
5 24.440876 14.301568 23.403291 15.729681 21.724443 15.184191 21.724443 13.418946 23.403291 12.873455 
12 -3.423173 -13.243315 -4.693003 -12.502746 -6.457518 -12.710041 -7.743011 -13.936413 -8.033094 -15.689220 -7.353087 -16.992487 -5.725762 -16.143396 -6.122068 -15.383856 -6.032255 -14.841167 -5.634252 -14.461469 -5.087940 -14.397289 -4.347886 -14.828890 
5 27.182038 -2.593531 25.770171 -0.650263 23.485722 -1.392526 23.485722 -3.794537 25.770171 -4.536800 
5 28.487960 4.932819 27.109959 6.829474 24.880308 6.105016 24.880308 3.760622 27.109959 3.036164 
12 -7.719080 29.393668 -8.540979 30.761945 -10.430716 31.188778 -12.045266 30.118023 -12.387284 28.211111 -11.446580 26.921625 -10.156621 27.862674 -10.695160 28.600885 -10.594076 29.164473 -10.116895 29.480936 -9.558383 29.354785 -9.087858 28.571468 
7 -6.808893 18.450494 -7.257374 19.381776 -8.265103 19.611784 -9.073239 18.967317 -9.073239 17.933672 -8.265103 17.289205 -7.257374 17.519213 
16 24.949131 19.286617 24.696943 18.477390 25.055449 17.517374 25.926998 16.978340 26.946060 17.086360 27.685237 17.796130 27.834515 18.809971 27.418282 19.548346 26.516435 19.039962 26.758676 18.610240 26.712624 18.297475 26.484591 18.078513 26.170214 18.045190 25.901345 18.211479 25.790747 18.507640 25.937516 18.978597 
12 -24.080130 13.335391 -25.108929 13.126521 -26.018920 12.245328 -26.310730 11.012676 -25.892397 9.817025 -25.066436 9.169072 -24.150727 10.336346 -24.635325 10.716506 -24.767089 11.093105 -24.675177 11.481359 -24.388553 11.758912 -23.784948 11.881458 
6 11.098729 12.799050 10.423862 13.967954 9.074127 13.967954 8.399260 12.799050 9.074127 11.630145 10.423862 11.630145 
14 -5.524417 -10.712726 -4.768085 -10.921061 -3.879295 -10.592178 -3.349533 -9.806390 -3.377973 -8.859129 -3.953921 -8.106537 -4.704674 -7.878915 -4.998680 -8.848616 -4.560261 -8.981542 -4.381014 -9.215764 -4.372163 -9.510571 -4.537036 -9.755125 -4.813646 -9.857480 -5.255323 -9.735818 
14 -24.865599 32.579648 -25.120988 31.457107 -24.483339 30.218421 -23.198136 29.680651 -21.868345 30.096098 -21.117848 31.269851 -21.267331 32.411330 -22.583596 32.238958 -22.496946 31.577283 -22.726093 31.218904 -23.132114 31.092057 -23.524522 31.256252 -23.719213 31.634457 -23.571173 32.285155 
4 37.373278 -21.106180 35.188660 -18.921562 33.004042 -21.106180 35.188660 -23.290798 
5 34.461315 -14.018308 33.134776 -12.192483 30.988391 -12.889886 30.988391 -15.146730 33.134776 -15.844132 
