30
3 20.042307 -0.990734 17.947168 0.218895 17.947168 -2.200363 
16 -6.732052 24.711854 -7.224089 23.706330 -6.927895 22.385178 -5.870541 21.539497 -4.516594 21.540852 -3.460935 22.388648 -3.167386 23.710390 -3.661434 24.714927 -4.859469 24.125713 -4.572398 23.542019 -4.662586 23.135939 -4.986917 22.875471 -5.402891 22.875054 -5.727742 23.134873 -5.818742 23.540772 -5.532840 24.125039 
4 7.655704 27.928555 6.625626 28.958633 5.595547 27.928555 6.625626 26.898476 
10 -8.312288 -18.610335 -8.308196 -19.548074 -7.627132 -20.453833 -6.539821 -20.773209 -5.660439 -20.447544 -6.069936 -19.341793 -6.582658 -19.531671 -6.919674 -19.432679 -7.130771 -19.151936 -7.133157 -18.605189 
6 13.335469 7.855956 11.280743 7.733110 10.940538 5.703023 12.175306 5.496099 12.350724 6.542858 13.410188 6.606200 
10 29.393526 7.922378 28.073616 10.407474 24.628227 10.019792 23.723033 6.672909 25.979473 4.991735 27.127094 6.532049 25.918352 7.432629 26.141336 8.257095 26.990068 8.352596 27.697124 7.021367 
8 -26.649285 33.966249 -27.089273 35.028474 -28.151498 35.468462 -29.213723 35.028474 -29.653711 33.966249 -29.213723 32.904024 -28.151498 32.464035 -27.089273 32.904024 
6 7.613839 0.743301 7.037293 1.741908 5.884201 1.741908 5.307655 0.743301 5.884201 -0.255306 7.037293 -0.255306 
12 -13.216901 -0.388054 -12.460580 -1.253442 -11.064419 -1.272771 -10.116812 -0.247257 -10.246164 1.143033 -11.168490 1.828768 -11.829606 0.939554 -11.303689 0.548543 -11.265858 0.141935 -11.542997 -0.157989 -11.951322 -0.152336 -12.382582 0.341115 
14 -31.725679 -31.701102 -32.665615 -31.636938 -33.712505 -32.074559 -34.452772 -32.934499 -34.729811 -34.034836 -34.485013 -35.142791 -33.891476 -35.874440 -32.625870 -34.847738 -32.976790 -34.415162 -33.055420 -34.059282 -32.966434 -33.705850 -32.728657 -33.429633 -32.392392 -33.289068 -31.836669 -33.327003 
8 15.172970 -32.567144 14.616610 -31.223973 13.273439 -30.667613 11.930268 -31.223973 11.373909 -32.567144 11.930268 -33.910314 13.273439 -34.466674 14.616610 -33.910314 
12 -1.013242 9.306833 0.327934 8.748831 1.823889 9.698665 1.903784 11.468887 0.499475 12.549620 -0.886514 12.114702 -0.519136 10.943947 0.257358 11.187608 0.649187 10.886063 0.626895 10.392137 0.209495 10.127115 -0.541893 10.439734 
8 8.042604 -20.332823 7.696903 -19.498229 6.862309 -19.152528 6.027714 -19.498229 5.682014 -20.332823 6.027714 -21.167418 6.862309 -21.513118 7.696903 -21.167418 
8 7.564136 11.370176 7.951014 12.821898 6.799666 14.246158 5.299103 14.172105 5.362938 12.878613 6.206227 12.920230 6.530164 12.519508 6.312745 11.703666 
6 -9.847519 -18.345449 -10.417590 -17.358056 -11.557734 -17.358056 -12.127805 -18.345449 -11.557734 -19.332842 -10.417590 -19.332842 
12 -36.374973 3.738087 -35.091921 4.179764 -34.406373 5.677429 -35.018409 7.206609 -36.547964 7.817705 -37.781443 7.252170 -37.217246 6.021610 -36.511299 6.345279 -36.059575 6.164803 -35.878822 5.713190 -36.081285 5.270884 -36.815604 5.018103 
3 7.411672 -15.957242 5.594435 -14.908060 5.594435 -17.006423 
8 -9.783642 -34.666724 -8.331480 -33.201581 -8.711639 -30.716509 -10.535403 -29.752506 -11.372933 -31.337000 -10.346823 -31.879380 -10.239530 -32.580742 -11.056564 -33.405080 
3 -18.047081 -13.193819 -19.918174 -12.113543 -19.918174 -14.274095 
14 12.124872 -16.259222 11.428401 -16.108270 10.602659 -16.343801 9.985699 -16.941034 9.723467 -17.758689 9.877994 -18.603347 10.321784 -19.160938 11.233292 -18.435463 10.971385 -18.106396 10.921980 -17.836343 11.005821 -17.574924 11.203074 -17.383978 11.467080 -17.308674 11.878107 -17.397759 
16 -16.424936 26.614530 -16.254776 27.725518 -16.952118 28.892973 -18.233262 29.348941 -19.511383 28.884565 -20.201038 27.712552 -19.986332 26.369742 -19.142696 25.627094 -18.275723 26.611961 -18.765189 27.042835 -18.830898 27.453787 -18.619836 27.812469 -18.228681 27.954586 -17.836600 27.815043 -17.623187 27.457755 -17.721911 26.813176 
6 -35.665575 26.975680 -36.354533 28.168990 -37.732448 28.168990 -38.421406 26.975680 -37.732448 25.782371 -36.354533 25.782371 
5 16.624311 -4.886509 15.456601 -3.279293 13.567206 -3.893195 13.567206 -5.879823 15.456601 -6.493724 
6 -26.456569 -19.666266 -27.195463 -18.386464 -28.673252 -18.386464 -29.412146 -19.666266 -28.673252 -20.946069 -27.195463 -20.946069 
8 -7.048139 -25.948816 -8.002841 -24.436491 -10.123880 -23.978395 -11.617627 -24.961910 -10.618255 -26.479741 -9.761752 -25.915802 -9.132265 -26.051757 -8.584847 -26.918911 
6 -25.224828 25.288015 -25.748908 26.195747 -26.797067 26.195747 -27.321146 25.288015 -26.797067 24.380283 -25.748908 24.380283 
6 19.119461 4.742821 18.567474 5.698890 17.463501 5.698890 16.911515 4.742821 17.463501 3.786753 18.567474 3.786753 
14 -27.314180 5.799875 -26.111601 5.908578 -25.164121 7.025006 -25.271219 8.485369 -26.371436 9.451625 -27.833404 9.369282 -28.645455 8.475647 -27.716680 7.631662 -27.250037 8.145186 -26.813658 8.169765 -26.485256 7.881349 -26.453289 7.445449 -26.736100 7.112208 -27.427157 7.049743 
8 -17.461588 -9.369347 -17.872949 -8.376231 -18.866065 -7.964870 -19.859180 -8.376231 -20.270541 -9.369347 -19.859180 -10.362462 -18.866065 -10.773824 -17.872949 -10.362462 
8 -6.901081 -3.778598 -7.280274 -2.863146 -8.195727 -2.483953 -9.111179 -2.863146 -9.490372 -3.778598 -9.111179 -4.694051 -8.195727 -5.073243 -7.280274 -4.694051 
