22
4 -40.000000 -41.000000 40.000000 -41.000000 40.000000 -40.000000 -40.000000 -40.000000 
4 -40.000000 40.000000 40.000000 40.000000 40.000000 41.000000 -40.000000 41.000000 
4 -41.000000 -41.000000 -40.000000 -41.000000 -40.000000 41.000000 -41.000000 41.000000 
4 40.000000 -41.000000 41.000000 -41.000000 41.000000 41.000000 40.000000 41.000000 
4 0.500000 32.000000 0.500000 40.000000 -0.500000 40.000000 -0.500000 32.000000 
4 -0.500000 -32.000000 -0.500000 -40.000000 0.500000 -40.000000 0.500000 -32.000000 
6 6.007522 -4.472522 7.312492 -1.717207 7.370367 1.330965 6.370547 1.349948 6.316751 -1.483376 5.103761 -4.044484 
6 4.472522 6.007522 1.717207 7.312492 -1.330965 7.370367 -1.349948 6.370547 1.483376 6.316751 4.044484 5.103761 
6 -6.007522 4.472522 -7.312492 1.717207 -7.370367 -1.330965 -6.370547 -1.349948 -6.316751 1.483376 -5.103761 4.044484 
6 -4.472522 -6.007522 -1.717207 -7.312492 1.330965 -7.370367 1.349948 -6.370547 -1.483376 -6.316751 -4.044484 -5.103761 
6 17.137066 3.431469 12.166476 12.612974 2.811860 17.249564 2.367769 16.353582 11.438119 11.857888 16.257665 2.955388 
6 -3.431469 17.137066 -12.612974 12.166476 -17.249564 2.811860 -16.353582 2.367769 -11.857888 11.438119 -2.955388 16.257665 
6 -17.137066 -3.431469 -12.166476 -12.612974 -2.811860 -17.249564 -2.367769 -16.353582 -11.438119 -11.857888 -16.257665 -2.955388 
6 3.431469 -17.137066 12.612974 -12.166476 17.249564 -2.811860 16.353582 -2.367769 11.857888 -11.438119 2.955388 -16.257665 
6 14.523412 23.317709 -3.564173 27.299920 -20.023111 18.807448 -19.564573 17.918773 -3.426534 26.245668 14.308398 22.341098 
6 -23.317709 14.523412 -27.299920 -3.564173 -18.807448 -20.023111 -17.918773 -19.564573 -26.245668 -3.426534 -22.341098 14.308398 
6 -14.523412 -23.317709 3.564173 -27.299920 20.023111 -18.807448 19.564573 -17.918773 3.426534 -26.245668 -14.308398 -22.341098 
6 23.317709 -14.523412 27.299920 3.564173 18.807448 20.023111 17.918773 19.564573 26.245668 3.426534 22.341098 -14.308398 
6 -4.407572 37.207387 -28.014847 24.981188 -37.467301 0.132959 -36.532644 -0.222591 -27.215937 24.268791 -3.947688 36.319408 
6 -37.207387 -4.407572 -24.981188 -28.014847 -0.132959 -37.467301 0.222591 -36.532644 -24.268791 -27.215937 -36.319408 -3.947688 
6 4.407572 -37.207387 28.014847 -24.981188 37.467301 -0.132959 36.532644 0.222591 27.215937 -24.268791 3.947688 -36.319408 
6 37.207387 4.407572 24.981188 28.014847 0.132959 37.467301 -0.222591 36.532644 24.268791 27.215937 36.319408 3.947688 
