-31.0000 -39.0000 -18.9500 -26.9500
  0.3000 -29.7000 -37.7000
  0.3000 -28.6500 -37.7000
  0.3000 -27.6000 -37.7000
  0.3000 -26.5500 -37.7000
  0.3000 -25.5000 -37.7000
  0.3000 -29.7000 -36.6500
  0.3000 -28.6500 -36.6500
  0.3000 -27.6000 -36.6500
  0.3000 -26.5500 -36.6500
  0.3000 -25.5000 -36.6500
  0.3000 -29.7000 -35.6000
  0.3000 -28.6500 -35.6000
  0.3000 -27.6000 -35.6000
  0.3000 -26.5500 -35.6000
  0.3000 -25.5000 -35.6000
  0.3000 -29.7000 -34.5500
  0.3000 -28.6500 -34.5500
  0.3000 -27.6000 -34.5500
  0.3000 -26.5500 -34.5500
  0.3000 -25.5000 -34.5500
