83
4 -40.000000 -41.000000 40.000000 -41.000000 40.000000 -40.000000 -40.000000 -40.000000 
4 -40.000000 40.000000 40.000000 40.000000 40.000000 41.000000 -40.000000 41.000000 
4 -41.000000 -41.000000 -40.000000 -41.000000 -40.000000 41.000000 -41.000000 41.000000 
4 40.000000 -41.000000 41.000000 -41.000000 41.000000 41.000000 40.000000 41.000000 
10 11.468271 28.939290 10.863143 30.658285 9.045345 31.900925 6.844608 31.828153 5.411370 30.702563 6.843681 28.878769 7.679925 29.535512 8.363310 29.558109 8.927782 29.172238 9.280853 28.169265 
8 15.795112 17.574340 12.840327 16.697330 12.914849 12.878883 15.901604 12.117831 16.379472 13.993229 14.821043 14.390331 14.804043 15.261409 16.345791 15.719015 
7 -17.050541 32.740382 -17.568193 33.815299 -18.731348 34.080782 -19.664127 33.336916 -19.664127 32.143848 -18.731348 31.399982 -17.568193 31.665465 
10 -18.469529 2.676838 -20.384483 3.447429 -22.438393 1.983883 -22.312340 -0.534972 -20.520083 -1.559020 -19.690244 -0.106663 -20.687481 0.463132 -20.722004 1.152988 -20.159485 1.553820 -19.093978 1.125052 
5 -9.347750 -11.909675 -11.031702 -9.591913 -13.756394 -10.477219 -13.756394 -13.342130 -11.031702 -14.227436 
14 7.172633 21.779683 5.741157 21.444902 4.811422 19.922834 5.242921 18.192254 6.778413 17.284860 8.502503 17.741603 9.231847 19.018026 7.931183 19.761222 7.512866 19.029127 7.000811 18.893475 6.544770 19.162971 6.416614 19.676953 6.692746 20.129007 7.513771 20.321022 
12 0.341350 13.628113 -0.174776 15.491656 -2.082921 16.844761 -4.416889 16.688228 -6.127259 15.092438 -6.389916 13.176664 -4.132024 12.867102 -3.979531 13.979362 -3.455170 14.468594 -2.739629 14.516584 -2.154636 14.101753 -1.854984 13.019817 
8 -3.032201 -5.666442 -3.327886 -4.952597 -4.041730 -4.656913 -4.755575 -4.952597 -5.051259 -5.666442 -4.755575 -6.380287 -4.041730 -6.675971 -3.327886 -6.380287 
7 -9.814855 -23.415274 -10.365208 -22.272453 -11.601842 -21.990199 -12.593544 -22.781056 -12.593544 -24.049491 -11.601842 -24.840348 -10.365208 -24.558094 
4 36.475706 16.821334 34.779924 18.517116 33.084142 16.821334 34.779924 15.125552 
8 -20.173466 -12.565368 -20.705638 -11.280590 -21.990417 -10.748417 -23.275195 -11.280590 -23.807367 -12.565368 -23.275195 -13.850146 -21.990417 -14.382319 -20.705638 -13.850146 
5 -12.047737 16.511495 -13.114489 17.979753 -14.840531 17.418928 -14.840531 15.604061 -13.114489 15.043236 
6 -13.721940 -33.277886 -15.047248 -32.531184 -16.275235 -33.428989 -15.636226 -34.303003 -14.971168 -33.816766 -14.253402 -34.221168 
4 -28.887232 29.285162 -30.212704 30.610634 -31.538176 29.285162 -30.212704 27.959690 
10 24.403505 10.832836 26.059327 10.167783 27.575666 11.759421 26.658512 13.757276 24.876455 13.666100 24.938850 12.446575 25.894132 12.495450 26.120509 12.002327 25.746237 11.609468 24.858625 11.965973 
5 -29.072864 1.526242 -30.257413 3.156634 -32.174053 2.533880 -32.174053 0.518605 -30.257413 -0.104149 
8 -3.767282 -19.028523 -1.741578 -20.550148 0.595312 -18.432196 -0.720350 -16.267050 -2.004252 -17.047220 -1.332843 -18.152138 -1.831220 -18.603823 -2.864979 -17.827307 
6 30.735284 3.865493 32.357382 5.266786 31.673821 7.298428 30.273569 6.827304 30.640709 5.736111 29.769482 4.983478 
8 -34.721197 -16.120876 -32.158338 -14.035255 -33.527811 -10.193409 -36.832055 -10.199188 -36.828221 -12.391408 -35.072738 -12.388337 -34.743316 -13.312482 -36.104914 -14.420533 
8 26.449230 -2.443825 26.001002 -1.361707 24.918883 -0.913478 23.836765 -1.361707 23.388537 -2.443825 23.836765 -3.525944 24.918883 -3.974172 26.001002 -3.525944 
6 -35.233659 35.194055 -35.786937 36.152359 -36.893491 36.152359 -37.446769 35.194055 -36.893491 34.235750 -35.786937 34.235750 
8 8.739090 6.598362 9.527748 3.660059 13.285250 3.485082 14.343561 6.337376 12.497742 7.022247 11.939848 5.518648 11.056313 5.559792 10.640569 7.108731 
8 27.880432 -16.506778 27.186036 -19.168886 29.592956 -21.524814 32.239587 -20.773582 31.658835 -18.727561 30.199026 -19.141920 29.555408 -18.511938 29.938418 -17.043592 
5 19.871802 30.428833 19.048595 31.561881 17.716618 31.129095 17.716618 29.728571 19.048595 29.295786 
14 -7.406428 -24.439219 -6.719855 -25.668697 -5.321965 -26.628860 -3.643204 -26.869213 -2.032057 -26.339862 -0.822972 -25.150693 -0.361264 -23.820345 -2.684634 -23.014001 -2.957691 -23.800775 -3.346337 -24.183020 -3.864222 -24.353174 -4.403841 -24.275916 -4.853177 -23.967282 -5.259220 -23.240162 
3 15.645533 -27.903727 13.668668 -26.762384 13.668668 -29.045071 
8 -0.042828 -6.905021 -0.308169 -9.014818 1.435764 -10.923686 3.560889 -10.849563 3.491588 -8.862677 2.284174 -8.904791 1.778970 -8.351808 1.929727 -7.153103 
7 16.914069 33.132643 16.397883 34.204512 15.238026 34.469242 14.307892 33.727486 14.307892 32.537800 15.238026 31.796043 16.397883 32.060773 
10 15.443974 -9.812501 16.707738 -11.642790 19.413325 -11.779177 21.168937 -9.716018 20.702910 -7.541190 18.779889 -7.953260 19.042750 -9.179964 18.543920 -9.766178 17.775169 -9.727426 17.062347 -8.695059 
6 -5.716690 8.663078 -8.235824 6.669933 -6.029523 4.335218 -4.874198 5.426998 -5.888423 6.500255 -4.730390 7.416494 
4 -23.664689 19.635697 -25.319418 21.290426 -26.974148 19.635697 -25.319418 17.980968 
3 10.031758 -28.009225 6.705753 -26.088955 6.705753 -29.929496 
6 24.899365 -29.065042 24.353965 -28.120382 23.263165 -28.120382 22.717765 -29.065042 23.263165 -30.009703 24.353965 -30.009703 
8 5.908489 6.263286 5.250706 7.851315 3.662677 8.509098 2.074648 7.851315 1.416865 6.263286 2.074648 4.675257 3.662677 4.017474 5.250706 4.675257 
8 10.967910 -8.456669 12.467499 -7.193240 11.508389 -4.964418 9.559935 -5.184755 9.700894 -6.431264 10.724140 -6.315552 10.947161 -6.833818 10.159640 -7.497318 
6 -0.340841 -0.410234 -1.479133 1.561346 -3.755718 1.561346 -4.894010 -0.410234 -3.755718 -2.381814 -1.479133 -2.381814 
12 18.338898 -14.393003 17.503271 -16.016602 17.912898 -18.186068 19.569467 -19.645575 21.773253 -19.778636 23.278647 -18.745130 22.020915 -16.913129 21.145009 -17.514469 20.465566 -17.473446 19.954835 -17.023470 19.828544 -16.354608 20.314749 -15.409925 
10 -20.012116 -3.307525 -21.554945 -3.979690 -21.856396 -6.014521 -20.289764 -7.347591 -18.685975 -6.837701 -19.094723 -5.552039 -19.985390 -5.835207 -20.412226 -5.472006 -20.330095 -4.917607 -19.473282 -4.544319 
4 31.964534 -14.162092 30.502590 -12.700149 29.040647 -14.162092 30.502590 -15.624036 
10 -34.581505 12.334138 -33.654626 10.204789 -30.800556 10.156339 -29.573108 12.733437 -31.067008 14.511496 -32.333744 13.447202 -31.524480 12.484006 -31.836617 11.828656 -32.562400 11.840977 -33.064502 12.994471 
3 7.180421 -19.385550 5.653179 -18.503797 5.653179 -20.267304 
8 4.514644 12.880862 4.488739 14.230787 3.142982 15.178123 1.863435 14.747162 2.235712 13.641850 2.955021 13.884118 3.333975 13.617356 3.348538 12.858484 
3 -18.990097 10.671207 -22.303794 12.584371 -22.303794 8.758043 
14 -24.341004 -20.931186 -23.830299 -20.334760 -23.647325 -19.406141 -23.944187 -18.507427 -24.644288 -17.870503 -25.566990 -17.659708 -26.319634 -17.883471 -25.969593 -19.060860 -25.526117 -18.929013 -25.232297 -18.996138 -25.009361 -19.198956 -24.914830 -19.485138 -24.973095 -19.780842 -25.274015 -20.132271 
8 21.648184 35.512876 21.141953 36.735027 19.919802 37.241258 18.697652 36.735027 18.191421 35.512876 18.697652 34.290726 19.919802 33.784495 21.141953 34.290726 
8 -9.499724 21.328511 -9.858132 22.193785 -10.723407 22.552193 -11.588681 22.193785 -11.947089 21.328511 -11.588681 20.463236 -10.723407 20.104828 -9.858132 20.463236 
8 2.743450 -3.641841 4.476936 -2.648878 4.724999 -0.225556 3.228645 1.098029 2.097495 -0.180772 2.937330 -0.923640 2.867780 -1.603079 1.894853 -2.160385 
5 -10.271192 30.389754 -11.018635 31.418521 -12.228022 31.025567 -12.228022 29.753942 -11.018635 29.360988 
12 5.300414 -8.901097 6.504450 -8.987486 7.587921 -8.001020 7.620201 -6.536103 6.581236 -5.502869 5.374563 -5.536136 5.407743 -6.739650 6.098331 -6.720611 6.405148 -7.025736 6.395615 -7.458340 6.075656 -7.749654 5.386577 -7.700213 
12 -11.859352 -31.459775 -12.338762 -32.408918 -12.038023 -33.660258 -10.999145 -34.419882 -9.715528 -34.327019 -8.956444 -33.582374 -9.809727 -32.712547 -10.249534 -33.143989 -10.640981 -33.172308 -10.957793 -32.940656 -11.049505 -32.559053 -10.771739 -32.009126 
4 17.570798 24.279565 16.451574 25.398790 15.332349 24.279565 16.451574 23.160341 
4 -2.427852 28.619449 -4.075643 30.267240 -5.723434 28.619449 -4.075643 26.971658 
7 -31.109835 6.475540 -31.746056 7.796666 -33.175631 8.122957 -34.322061 7.208709 -34.322061 5.742370 -33.175631 4.828122 -31.746056 5.154413 
6 -10.893509 36.437708 -11.606810 37.673182 -13.033413 37.673182 -13.746714 36.437708 -13.033413 35.202233 -11.606810 35.202233 
8 -17.344306 17.320299 -17.939967 18.758352 -19.378020 19.354013 -20.816073 18.758352 -21.411734 17.320299 -20.816073 15.882246 -19.378020 15.286585 -17.939967 15.882246 
8 -9.070033 10.155209 -10.410807 10.061718 -11.475177 8.826576 -11.369591 7.486700 -9.999522 7.594665 -10.060102 8.363416 -9.743701 8.730582 -8.974435 8.784222 
8 -15.986761 -24.189607 -16.517493 -22.908309 -17.798791 -22.377578 -19.080089 -22.908309 -19.610820 -24.189607 -19.080089 -25.470906 -17.798791 -26.001637 -16.517493 -25.470906 
7 25.702609 -24.854130 25.162546 -23.732678 23.949036 -23.455702 22.975877 -24.231771 22.975877 -25.476489 23.949036 -26.252558 25.162546 -25.975582 
12 34.891616 -34.407645 36.613484 -34.983067 38.427738 -33.716866 38.493272 -31.505421 36.757180 -30.134010 35.004260 -30.606460 35.415116 -32.130850 36.401503 -31.864997 36.891662 -32.252194 36.873160 -32.876563 36.360933 -33.234055 35.392019 -32.910260 
7 -31.267009 18.236988 -31.691629 19.118720 -32.645741 19.336490 -33.410880 18.726313 -33.410880 17.747663 -32.645741 17.137486 -31.691629 17.355256 
12 -24.113047 36.957583 -24.197086 36.248472 -23.853285 35.459124 -23.158250 34.950994 -22.301803 34.862858 -21.651605 35.158059 -22.100271 36.146272 -22.482954 35.972528 -22.754898 36.000513 -22.975590 36.161858 -23.084756 36.412497 -23.035293 36.829854 
8 -0.079953 -28.894262 1.030978 -29.562863 2.437853 -28.832022 2.529588 -27.538663 1.500735 -27.465689 1.449861 -28.182957 1.068009 -28.381321 0.451912 -28.010529 
5 -34.303394 -33.866233 -35.137990 -32.717510 -36.488393 -33.156283 -36.488393 -34.576182 -35.137990 -35.014955 
6 21.386739 17.195152 25.004012 17.226615 24.189337 20.751095 22.574919 20.377926 22.924496 18.865575 21.372327 18.852074 
4 31.591465 16.180236 29.822437 17.949265 28.053409 16.180236 29.822437 14.411208 
5 -2.349891 -33.981837 -3.425637 -32.501200 -5.166230 -33.066753 -5.166230 -34.896921 -3.425637 -35.462474 
8 9.253469 -0.809521 8.957957 -0.096091 8.244526 0.199422 7.531096 -0.096091 7.235583 -0.809521 7.531096 -1.522951 8.244526 -1.818464 8.957957 -1.522951 
6 7.300915 -33.635171 6.099073 -32.181479 4.256178 -32.583202 4.554758 -33.952932 5.562961 -33.733159 6.220460 -34.528438 
16 12.620426 36.612559 12.075076 37.521354 10.950237 38.128130 9.673247 38.075835 8.601788 37.379117 8.035976 36.233126 8.134293 34.958853 8.743734 34.091734 10.044844 35.006200 9.686336 35.516289 9.655159 35.920367 9.834580 36.283765 10.174345 36.504697 10.579284 36.521280 10.935975 36.328869 11.256781 35.794263 
3 7.281809 25.596175 4.320719 27.305761 4.320719 23.886589 
7 33.804479 -29.410097 33.146134 -28.043029 31.666846 -27.705391 30.480550 -28.651431 30.480550 -30.168762 31.666846 -31.114802 33.146134 -30.777164 
6 20.622837 10.252833 20.963830 8.440149 22.761273 8.026264 23.052355 9.290391 22.081806 9.513873 21.897683 10.492651 
14 15.547488 -23.070894 15.378947 -21.746812 14.054031 -20.812584 12.470492 -21.159846 11.658101 -22.562774 12.145155 -24.109049 13.355266 -24.672279 13.903841 -23.493653 13.213042 -23.172130 13.070169 -22.718544 13.308476 -22.307008 13.772993 -22.205142 14.161646 -22.479189 14.257858 -23.235049 
16 -27.328412 -22.890494 -27.822704 -22.075769 -28.765643 -21.422824 -29.892836 -21.210918 -31.008519 -21.476853 -31.918924 -22.174443 -32.465937 -23.182534 -32.539565 -24.132629 -30.723870 -24.273337 -30.680220 -23.710073 -30.503298 -23.384024 -30.208843 -23.158400 -29.847995 -23.072388 -29.483424 -23.140926 -29.178446 -23.352109 -28.885405 -23.835119 
6 33.333331 -12.172041 34.861979 -13.322237 36.079110 -11.846328 35.285855 -11.192158 34.694382 -11.909386 33.951526 -11.350440 
4 37.235294 6.614517 35.585372 8.264438 33.935450 6.614517 35.585372 4.964595 
12 18.579913 -4.809973 20.696625 -3.753038 21.283907 -0.933266 19.434972 1.275231 16.555867 1.192972 15.143168 -0.704887 16.846357 -1.972680 17.644804 -0.900023 18.467311 -0.876524 18.995518 -1.507450 18.827742 -2.313007 17.631391 -2.910379 
8 -34.289131 -5.675077 -34.807067 -4.424668 -36.057476 -3.906732 -37.307884 -4.424668 -37.825820 -5.675077 -37.307884 -6.925486 -36.057476 -7.443422 -34.807067 -6.925486 
8 1.756008 25.043671 1.141744 26.526636 -0.341221 27.140900 -1.824187 26.526636 -2.438451 25.043671 -1.824187 23.560705 -0.341221 22.946441 1.141744 23.560705 
