60
7 34.475337 -36.755986 33.941137 -35.646708 32.740800 -35.372739 31.778204 -36.140383 31.778204 -37.371589 32.740800 -38.139234 33.941137 -37.865264 
6 20.387466 34.591548 19.514008 36.104421 17.767092 36.104421 16.893634 34.591548 17.767092 33.078674 19.514008 33.078674 
16 -23.873307 -23.903685 -23.767985 -24.453852 -23.366057 -24.995503 -22.768781 -25.308861 -22.094682 -25.331740 -21.477534 -25.059601 -21.039805 -24.546448 -20.897422 -24.004688 -21.865352 -23.750302 -21.949613 -24.070913 -22.090552 -24.236138 -22.289261 -24.323760 -22.506306 -24.316394 -22.698616 -24.215499 -22.828028 -24.041099 -22.890357 -23.715513 
8 -5.236796 -18.736251 -5.668811 -17.693276 -6.711786 -17.261261 -7.754761 -17.693276 -8.186776 -18.736251 -7.754761 -19.779226 -6.711786 -20.211241 -5.668811 -19.779226 
7 9.689692 28.823083 9.004967 30.244930 7.466404 30.596097 6.232571 29.612148 6.232571 28.034018 7.466404 27.050070 9.004967 27.401237 
3 -28.499618 34.078360 -31.243601 35.662599 -31.243601 32.494121 
16 17.415618 27.866736 16.985503 28.135617 16.383079 28.233447 15.789783 28.090316 15.298230 27.728567 14.985152 27.204670 14.899420 26.600405 15.028240 26.109792 16.017667 26.369586 15.941201 26.660810 15.969017 26.856869 16.070598 27.026852 16.230086 27.144224 16.422586 27.190664 16.618047 27.158923 16.873360 26.999317 
4 -29.256371 28.357110 -30.806347 29.907085 -32.356323 28.357110 -30.806347 26.807134 
8 -20.761400 -34.014756 -21.319750 -35.153172 -20.644738 -36.541747 -19.404585 -36.805877 -19.169110 -35.700269 -19.869407 -35.551118 -20.061784 -35.155378 -19.746492 -34.512530 
6 -30.749899 0.857132 -31.665243 2.442554 -33.495931 2.442554 -34.411275 0.857132 -33.495931 -0.728291 -31.665243 -0.728291 
8 38.414478 14.708070 37.895502 15.960991 36.642582 16.479967 35.389661 15.960991 34.870685 14.708070 35.389661 13.455150 36.642582 12.936173 37.895502 13.455150 
12 30.415754 -10.239703 29.632821 -9.574070 28.393453 -9.494869 27.352592 -10.172299 26.923190 -11.337596 27.214809 -12.322995 28.453081 -11.956541 28.283060 -11.382029 28.416141 -11.020877 28.738728 -10.810926 29.122835 -10.835472 29.579305 -11.223553 
8 -14.485620 15.868358 -14.841896 16.728485 -15.702023 17.084762 -16.562151 16.728485 -16.918427 15.868358 -16.562151 15.008231 -15.702023 14.651954 -14.841896 15.008231 
5 -19.776594 2.982410 -20.803175 4.395377 -22.464217 3.855671 -22.464217 2.109148 -20.803175 1.569442 
8 -21.103570 -2.339381 -21.466329 -1.463603 -22.342107 -1.100843 -23.217885 -1.463603 -23.580644 -2.339381 -23.217885 -3.215159 -22.342107 -3.577918 -21.466329 -3.215159 
10 27.775759 -35.558340 29.497096 -35.070583 30.358337 -33.071167 29.350680 -31.141394 27.597815 -30.783099 27.271168 -32.381137 28.263935 -32.584064 28.553402 -33.138426 28.305995 -33.712794 27.331084 -33.989044 
3 1.872623 14.304450 -1.038671 15.985287 -1.038671 12.623614 
8 -33.841488 -20.040011 -33.519467 -21.854694 -31.222059 -21.836842 -30.928279 -20.017374 -31.990377 -19.845882 -32.139280 -20.768082 -32.618966 -20.771810 -32.782182 -19.852035 
5 -25.534633 -15.382908 -26.378943 -14.220815 -27.745065 -14.664695 -27.745065 -16.101121 -26.378943 -16.545001 
8 -33.816574 24.404939 -35.543667 24.690883 -37.122887 23.260012 -37.008153 21.513172 -35.436880 21.616375 -35.501747 22.603981 -35.050221 23.013092 -34.073779 22.851428 
7 -29.069722 -5.858085 -29.756451 -4.432078 -31.299517 -4.079883 -32.536960 -5.066711 -32.536960 -6.649460 -31.299517 -7.636287 -29.756451 -7.284093 
16 -26.235176 34.816877 -25.413576 34.358543 -24.285355 34.261665 -23.216879 34.636669 -22.396669 35.417389 -21.969442 36.466077 -22.010577 37.597702 -22.427846 38.440900 -24.026467 37.649798 -23.779138 37.150007 -23.765840 36.784185 -23.903950 36.445175 -24.169100 36.192790 -24.514507 36.071562 -24.879229 36.102880 -25.366218 36.374550 
12 5.294551 -13.252224 5.394031 -11.780315 3.976322 -10.670280 2.261423 -11.219096 1.751613 -12.945993 2.687190 -14.086654 3.637164 -13.307480 3.114194 -12.669871 3.255575 -12.190967 3.731152 -12.038768 4.124312 -12.346604 4.068705 -13.169374 
4 -2.107134 32.912033 -3.613260 34.418159 -5.119387 32.912033 -3.613260 31.405907 
12 30.782837 5.232963 31.569084 5.036084 32.469895 5.421246 32.954428 6.272737 32.825424 7.243905 32.254556 7.819280 31.541012 7.111325 31.873571 6.776141 31.913468 6.475787 31.763616 6.212446 31.485021 6.093327 31.026994 6.208018 
5 9.417206 18.639318 8.209760 20.301224 6.256071 19.666433 6.256071 17.612203 8.209760 16.977411 
4 11.477294 4.099458 9.597722 5.979030 7.718149 4.099458 9.597722 2.219886 
5 -0.870004 -12.114690 -2.036345 -10.509359 -3.923525 -11.122541 -3.923525 -13.106839 -2.036345 -13.720021 
3 -21.943302 30.618448 -23.773849 31.675315 -23.773849 29.561581 
12 -36.826083 -26.272207 -35.976989 -26.148098 -35.235067 -25.423973 -35.060267 -24.402087 -35.519317 -23.472529 -36.278883 -23.073249 -36.790614 -24.046737 -36.347248 -24.279801 -36.204547 -24.568765 -36.258886 -24.886430 -36.489521 -25.111532 -36.985146 -25.183976 
3 -5.960314 28.502081 -8.376389 29.897002 -8.376389 27.107159 
14 -30.182414 8.402930 -29.115323 7.898840 -27.699883 8.049565 -26.569720 8.914966 -26.055121 10.242134 -26.306475 11.643209 -27.089014 12.526624 -28.386297 11.377476 -27.926381 10.858273 -27.846860 10.415017 -28.009663 9.995143 -28.367211 9.721357 -28.815011 9.673673 -29.442165 9.969938 
3 -36.579098 32.325620 -38.160421 33.238597 -38.160421 31.412643 
6 -15.418536 37.013399 -16.267311 38.483521 -17.964861 38.483521 -18.813636 37.013399 -17.964861 35.543278 -16.267311 35.543278 
8 -16.555945 12.334276 -17.009079 13.428239 -18.103042 13.881373 -19.197005 13.428239 -19.650139 12.334276 -19.197005 11.240313 -18.103042 10.787178 -17.009079 11.240313 
3 -6.951915 -5.455266 -8.840688 -4.364782 -8.840688 -6.545749 
8 20.545939 9.006516 20.153946 9.952870 19.207591 10.344863 18.261236 9.952870 17.869243 9.006516 18.261236 8.060161 19.207591 7.668168 20.153946 8.060161 
8 21.373764 25.170813 20.857456 26.417290 19.610979 26.933598 18.364501 26.417290 17.848193 25.170813 18.364501 23.924335 19.610979 23.408027 20.857456 23.924335 
12 22.057062 -36.842617 21.867523 -34.968426 20.058240 -33.570024 17.798598 -33.920807 16.498422 -35.801917 16.886003 -37.645365 18.720594 -37.259645 18.498829 -36.204868 18.882553 -35.649691 19.549447 -35.546164 20.083425 -35.958877 20.191875 -37.031246 
3 14.118346 -27.380139 11.137540 -25.659170 11.137540 -29.101109 
4 11.181983 -6.272003 9.345183 -4.435203 7.508384 -6.272003 9.345183 -8.108802 
6 -15.769175 23.816010 -16.510554 25.541566 -18.387510 25.606568 -18.434333 24.254540 -17.414836 24.219233 -17.012145 23.281972 
4 19.596158 -13.060781 18.456833 -11.921456 17.317507 -13.060781 18.456833 -14.200107 
3 -10.132819 -16.274209 -12.434638 -14.945253 -12.434638 -17.603166 
5 35.363058 1.410743 34.016825 3.263673 31.838575 2.555917 31.838575 0.265569 34.016825 -0.442187 
7 -3.293468 20.490725 -3.748121 21.434820 -4.769715 21.667993 -5.588971 21.014658 -5.588971 19.966791 -4.769715 19.313457 -3.748121 19.546629 
8 -21.752247 -18.580294 -22.108059 -17.721289 -22.967063 -17.365478 -23.826068 -17.721289 -24.181879 -18.580294 -23.826068 -19.439298 -22.967063 -19.795110 -22.108059 -19.439298 
14 1.108338 2.342371 0.201912 3.332378 -1.410976 3.528510 -2.763385 2.628031 -3.204488 1.064285 -2.522009 -0.410197 -1.301287 -0.968371 -0.666001 0.420993 -1.372916 0.744230 -1.580765 1.193283 -1.446427 1.669523 -1.034551 1.943764 -0.543345 1.884032 -0.018438 1.310723 
5 3.165909 -3.967850 2.346753 -2.840377 1.021329 -3.271033 1.021329 -4.664666 2.346753 -5.095322 
3 -6.438650 7.779995 -7.955567 8.655787 -7.955567 6.904202 
8 34.969158 -27.523440 33.170509 -29.284134 34.366684 -32.145064 36.883285 -32.101521 36.853501 -30.380071 35.504625 -30.403410 35.209479 -29.697500 36.173538 -28.753784 
14 -12.183482 -35.754121 -13.079869 -35.213853 -14.304119 -35.553684 -14.898533 -36.676602 -14.491235 -37.880089 -13.337038 -38.411222 -12.365824 -38.021168 -12.753455 -37.055988 -13.309078 -37.279135 -13.649586 -37.122441 -13.769746 -36.767392 -13.594384 -36.436112 -13.233209 -36.335856 -12.720393 -36.644938 
3 37.944930 -22.993689 36.350564 -22.073182 36.350564 -23.914196 
16 -37.533687 14.452962 -37.037671 14.090810 -36.308122 13.968771 -35.601291 14.186773 -35.067223 14.698541 -34.819288 15.395437 -34.910117 16.129525 -35.250796 16.640527 -36.133197 16.052241 -35.931787 15.750134 -35.902616 15.514374 -35.982243 15.290558 -36.153765 15.126198 -36.380772 15.056184 -36.615074 15.095378 -36.908321 15.309484 
5 6.205419 -7.269664 5.478360 -6.268952 4.301952 -6.651190 4.301952 -7.888138 5.478360 -8.270376 
8 -12.580222 -3.989012 -10.982393 -2.819894 -11.295086 -0.414617 -13.138729 0.307100 -13.687945 -1.095887 -12.674265 -1.492705 -12.591379 -2.130277 -13.469905 -2.773086 
10 -11.882671 19.904188 -12.904036 18.300506 -11.967275 16.176608 -9.680583 15.777228 -8.369060 17.153778 -9.505815 18.236834 -10.237913 17.468437 -10.869675 17.578777 -11.128481 18.165563 -10.558350 19.060745 
14 24.422708 -16.598382 24.528070 -17.587125 25.369818 -18.445804 26.562718 -18.597000 27.592076 -17.975476 28.013763 -16.849399 27.709511 -15.902750 26.569956 -16.269002 26.746856 -16.819407 26.617089 -17.165938 26.300322 -17.357201 25.933228 -17.310673 25.674194 -17.046429 25.612934 -16.471550 
6 20.838480 -23.856974 19.944307 -22.308220 18.155960 -22.308220 17.261787 -23.856974 18.155960 -25.405727 19.944307 -25.405727 
7 37.103637 -12.972991 36.672375 -12.077466 35.703339 -11.856290 34.926232 -12.476012 34.926232 -13.469969 35.703339 -14.089691 36.672375 -13.868515 
