19
4 -7.000000 2.750000 7.000000 2.750000 7.000000 3.250000 -7.000000 3.250000 
4 -10.000000 -6.250000 10.000000 -6.250000 10.000000 -5.750000 -10.000000 -5.750000 
8 -35.445181 31.825202 -32.830171 29.752188 -29.897856 32.725570 -32.007038 35.311498 -33.456253 34.129462 -32.407718 32.843923 -32.983417 32.260161 -34.283414 33.290716 
6 -9.451608 26.972127 -10.239387 28.336599 -11.814943 28.336599 -12.602721 26.972127 -11.814943 25.607655 -10.239387 25.607655 
8 28.282153 17.114628 27.952119 17.911401 27.155347 18.241435 26.358574 17.911401 26.028540 17.114628 26.358574 16.317856 27.155347 15.987822 27.952119 16.317856 
4 -9.884114 16.868589 -11.338669 18.323143 -12.793224 16.868589 -11.338669 15.414034 
6 18.893729 -36.411411 18.015981 -34.891106 16.260484 -34.891106 15.382735 -36.411411 16.260484 -37.931716 18.015981 -37.931716 
8 4.320794 -14.296889 3.751314 -12.922042 2.376468 -12.352562 1.001621 -12.922042 0.432141 -14.296889 1.001621 -15.671735 2.376468 -16.241215 3.751314 -15.671735 
3 38.448215 -16.220383 35.714579 -14.642117 35.714579 -17.798649 
8 37.081717 3.501078 36.529988 4.833069 35.197996 5.384798 33.866004 4.833069 33.314275 3.501078 33.866004 2.169086 35.197996 1.617357 36.529988 2.169086 
8 32.655369 -8.610534 32.923483 -10.259157 34.856210 -10.932758 36.090944 -9.807914 35.239475 -8.873262 34.561333 -9.491050 34.050575 -9.313039 33.903320 -8.407580 
8 27.052305 -2.580366 28.825727 -3.100682 30.372664 -1.442394 29.730531 0.290644 28.454852 -0.182026 28.805393 -1.128092 28.403419 -1.559002 27.435306 -1.274961 
3 28.960432 -36.744430 26.004670 -35.037920 26.004670 -38.450940 
8 -33.625086 18.257480 -34.082245 19.361158 -35.185923 19.818317 -36.289601 19.361158 -36.746760 18.257480 -36.289601 17.153802 -35.185923 16.696643 -34.082245 17.153802 
16 22.180955 12.667895 20.780291 11.747920 20.279964 9.780393 21.238301 7.990678 23.153212 7.316435 25.021445 8.110911 25.864204 9.957867 25.348919 11.552450 23.611775 10.991097 23.909127 10.070920 23.654800 9.513546 23.091005 9.273789 22.513123 9.477262 22.223917 10.017362 22.374905 10.611122 23.183179 11.142006 
16 25.179090 -15.800154 26.205416 -16.049970 27.407515 -15.625615 28.182376 -14.613335 28.278155 -13.342136 27.663723 -12.225179 26.538780 -11.625492 25.486609 -11.718702 25.616284 -13.182498 26.233139 -13.127852 26.586787 -13.316375 26.779946 -13.667513 26.749836 -14.067139 26.506243 -14.385370 26.128339 -14.518774 25.526637 -14.372315 
16 -29.784451 -12.295240 -28.891745 -11.402422 -28.591943 -9.908181 -29.170396 -8.498204 -30.433235 -7.645047 -31.957220 -7.634644 -33.231589 -8.470481 -33.726703 -9.631907 -32.135980 -10.310029 -31.845935 -9.629648 -31.446105 -9.367406 -30.967958 -9.370670 -30.571745 -9.638346 -30.390257 -10.080723 -30.484320 -10.549538 -31.007280 -11.072564 
8 35.250085 -23.496085 34.913759 -22.684122 34.101796 -22.347796 33.289834 -22.684122 32.953508 -23.496085 33.289834 -24.308048 34.101796 -24.644374 34.913759 -24.308048 
12 21.197887 28.637252 20.219427 29.974942 18.285009 30.500125 16.445945 29.702859 15.506907 27.931984 15.814374 26.303408 17.760801 26.670883 17.582119 27.617318 17.870729 28.161590 18.435959 28.406627 19.030496 28.245214 19.599120 27.467826 
