30
3 -32.718352 26.722954 -34.764377 27.904227 -34.764377 25.541681 
3 36.873074 -27.281369 35.000237 -26.200085 35.000237 -28.362652 
12 -17.857722 8.316108 -18.596491 9.840159 -20.638930 10.154992 -22.058501 8.653162 -21.629241 6.631675 -20.066035 5.979833 -19.519041 7.291600 -20.393909 7.656411 -20.513344 8.218859 -20.118370 8.636720 -19.550092 8.549123 -19.136631 7.696169 
7 -1.800643 22.256643 -2.207335 23.101146 -3.121162 23.309721 -3.853994 22.725307 -3.853994 21.787979 -3.121162 21.203565 -2.207335 21.412140 
6 -5.480590 -21.966153 -3.292340 -21.981776 -3.264398 -19.793648 -4.411564 -19.778999 -4.424939 -20.826401 -5.472399 -20.818923 
3 -27.458223 36.279992 -30.322114 37.933460 -30.322114 34.626523 
3 33.834625 -32.671122 31.526012 -31.338244 31.526012 -34.004000 
10 28.189722 -3.968819 29.313270 -4.708759 30.786569 -3.973571 30.889757 -2.330263 29.770590 -1.583713 29.190213 -2.453767 29.808193 -2.865996 29.780517 -3.306751 29.385360 -3.503937 28.764961 -3.095358 
7 -9.675037 -3.928839 -10.132328 -2.979265 -11.159851 -2.744740 -11.983861 -3.401865 -11.983861 -4.455813 -11.159851 -5.112939 -10.132328 -4.878413 
8 35.300328 -21.744519 34.753205 -20.423647 33.432333 -19.876524 32.111461 -20.423647 31.564338 -21.744519 32.111461 -23.065391 33.432333 -23.612514 34.753205 -23.065391 
4 20.491314 -12.197253 19.179472 -10.885411 17.867630 -12.197253 19.179472 -13.509096 
3 31.738419 -12.170598 29.611786 -10.942787 29.611786 -13.398410 
8 10.021230 -8.746316 9.684248 -7.932770 8.870702 -7.595788 8.057156 -7.932770 7.720174 -8.746316 8.057156 -9.559863 8.870702 -9.896844 9.684248 -9.559863 
7 -21.500673 -20.792592 -22.053917 -19.643769 -23.297046 -19.360033 -24.293957 -20.155043 -24.293957 -21.430141 -23.297046 -22.225152 -22.053917 -21.941416 
5 -6.787142 -10.652539 -7.648098 -9.467534 -9.041155 -9.920166 -9.041155 -11.384913 -7.648098 -11.837544 
5 -12.527342 -28.484740 -13.261072 -27.474847 -14.448273 -27.860592 -14.448273 -29.108889 -13.261072 -29.494634 
10 15.524288 -24.761095 14.381890 -26.101853 14.713254 -28.217544 16.533988 -29.344875 18.213265 -28.813145 17.713668 -27.235350 16.759000 -27.537638 16.230714 -27.210544 16.134569 -26.596677 16.784022 -25.834456 
8 -23.702927 16.040029 -22.590865 16.740322 -22.522818 18.342402 -23.571494 19.134470 -24.236247 18.254356 -23.649330 17.811056 -23.668265 17.365276 -24.290657 16.973341 
8 -2.595653 -29.115212 -2.907224 -28.363012 -3.659424 -28.051441 -4.411623 -28.363012 -4.723194 -29.115212 -4.411623 -29.867411 -3.659424 -30.178982 -2.907224 -29.867411 
6 7.044394 33.193496 4.428149 31.444071 6.042710 28.742512 7.500513 29.613754 6.714097 30.929623 7.988411 31.781730 
14 -31.331529 9.621748 -32.693860 8.349036 -32.770625 6.088958 -31.226714 4.436630 -28.966628 4.360070 -27.314440 5.904131 -27.251492 7.767402 -29.167394 7.832129 -29.203531 6.762502 -29.695369 6.302852 -30.368172 6.325642 -30.827777 6.817522 -30.804925 7.490323 -30.022867 8.220934 
3 22.346783 4.476698 19.997763 5.832905 19.997763 3.120491 
4 1.464077 -21.358252 0.065411 -19.959586 -1.333254 -21.358252 0.065411 -22.756917 
12 -16.894061 -8.901977 -16.991336 -7.762840 -18.038165 -6.854172 -19.422194 -6.931598 -20.361142 -7.951356 -20.330755 -9.094235 -19.133570 -9.062404 -19.151044 -8.405171 -18.870241 -8.100202 -18.456332 -8.077046 -18.143266 -8.348794 -18.087326 -9.003875 
3 38.244583 8.646578 36.569265 9.613824 36.569265 7.679333 
6 -13.047317 27.140864 -13.915260 28.644187 -15.651148 28.644187 -16.519091 27.140864 -15.651148 25.637542 -13.915260 25.637542 
6 3.422171 -11.798447 2.561624 -10.307937 0.840532 -10.307937 -0.020015 -11.798447 0.840532 -13.288957 2.561624 -13.288957 
6 2.640661 11.566351 1.654792 13.273927 -0.316946 13.273927 -1.302815 11.566351 -0.316946 9.858776 1.654792 9.858776 
12 12.626050 3.938191 10.985703 3.721641 9.771839 2.123052 10.053211 0.135646 11.663123 -1.063159 13.299116 -0.815854 13.046295 0.856627 12.107669 0.714740 11.629124 1.071083 11.545487 1.661838 11.906306 2.137016 12.847431 2.261259 
6 -19.656375 35.872624 -20.370810 37.110063 -21.799681 37.110063 -22.514116 35.872624 -21.799681 34.635186 -20.370810 34.635186 
