62
4 -40.000000 -41.000000 40.000000 -41.000000 40.000000 -40.000000 -40.000000 -40.000000 
4 -40.000000 40.000000 40.000000 40.000000 40.000000 41.000000 -40.000000 41.000000 
4 -41.000000 -41.000000 -40.000000 -41.000000 -40.000000 41.000000 -41.000000 41.000000 
4 40.000000 -41.000000 41.000000 -41.000000 41.000000 41.000000 40.000000 41.000000 
8 19.197339 -4.505711 18.541478 -7.445014 21.990358 -8.918230 23.660517 -6.412193 22.180853 -5.426064 21.330099 -6.702602 20.598735 -6.390195 20.932821 -4.892958 
8 -9.211215 23.679919 -8.233493 25.190773 -9.137247 27.194868 -10.916885 27.462279 -11.134363 26.014951 -10.143529 25.866067 -9.895591 25.316258 -10.439949 24.475073 
12 29.596779 5.627116 29.288333 3.395479 31.102127 1.343212 33.840768 1.381924 35.595830 3.484638 35.224428 5.706666 33.136902 5.357745 33.348041 4.094539 32.838827 3.484458 32.044239 3.473226 31.517984 4.068671 31.693334 5.337340 
12 7.264982 -1.813621 7.301856 -3.866129 9.361534 -5.288637 11.718047 -4.444452 12.405938 -2.037668 11.131120 -0.428635 9.755761 -1.518317 10.471279 -2.421420 10.278396 -3.096275 9.617637 -3.332983 9.040109 -2.934115 9.019413 -1.782103 
8 -23.945500 14.621604 -24.243567 15.341201 -24.963164 15.639268 -25.682761 15.341201 -25.980828 14.621604 -25.682761 13.902007 -24.963164 13.603940 -24.243567 13.902007 
10 3.823222 -17.424359 2.111652 -17.012321 0.189740 -17.929482 -0.725109 -19.852495 -0.311012 -21.563568 1.712318 -21.073902 1.471846 -20.080257 1.752487 -19.490350 2.342056 -19.209000 3.335989 -19.448277 
3 31.845187 -5.708468 28.706538 -3.896368 28.706538 -7.520568 
8 9.416732 13.366994 13.235959 13.583250 14.374586 18.176297 11.098618 20.151467 9.829408 18.046388 11.552353 17.007578 11.286433 15.934899 9.277770 15.821163 
16 -17.611056 -27.030500 -17.931358 -27.551425 -18.045827 -28.278221 -17.871756 -28.993089 -17.435963 -29.585897 -16.805584 -29.965317 -16.077736 -30.072896 -15.484974 -29.922597 -15.790105 -28.719204 -16.142014 -28.808433 -16.378257 -28.773515 -16.582864 -28.650364 -16.724312 -28.457953 -16.780811 -28.225923 -16.743657 -27.990022 -16.553501 -27.680759 
14 29.250528 17.204202 28.605973 18.721887 26.710847 19.371123 24.961623 18.394789 24.519405 16.440959 25.677729 14.806549 27.315700 14.617154 27.498204 16.195535 26.564273 16.303523 26.225557 16.781456 26.354870 17.352793 26.866377 17.638292 27.420548 17.448443 27.788058 16.583096 
6 -0.006736 -15.183557 -0.926737 -13.590069 -2.766739 -13.590069 -3.686740 -15.183557 -2.766739 -16.777046 -0.926737 -16.777046 
6 -4.206607 37.347500 -4.826876 38.421837 -6.067413 38.421837 -6.687682 37.347500 -6.067413 36.273163 -4.826876 36.273163 
6 23.495786 -15.911806 25.808081 -14.280404 23.591743 -12.520852 22.816162 -13.497777 23.727813 -14.221537 22.776692 -14.892585 
8 -21.314634 32.303943 -17.419890 31.293442 -15.527749 35.951190 -19.023811 37.943095 -20.158252 35.951999 -18.406371 34.953853 -18.787467 34.015735 -20.739128 34.522098 
4 -4.270489 8.663683 -6.752041 11.145235 -9.233593 8.663683 -6.752041 6.182131 
8 30.879775 -23.226492 33.679498 -24.099599 36.267136 -21.606977 35.499328 -18.776564 33.346601 -19.360535 33.768713 -20.916590 33.083016 -21.577109 31.543833 -21.097107 
14 -21.825059 -7.493672 -23.157677 -6.221573 -25.379897 -6.051004 -27.208026 -7.325878 -27.815980 -9.470115 -26.929042 -11.514791 -25.291491 -12.358907 -24.299171 -10.433849 -25.249728 -9.943860 -25.521516 -9.317302 -25.335218 -8.660235 -24.775018 -8.269571 -24.094054 -8.321839 -23.320503 -9.060260 
6 17.833710 10.620912 17.305849 11.535194 16.250126 11.535194 15.722265 10.620912 16.250126 9.706629 17.305849 9.706629 
6 -14.898635 -0.455487 -15.529570 0.637324 -16.791439 0.637324 -17.422374 -0.455487 -16.791439 -1.548298 -15.529570 -1.548298 
6 -33.033374 -27.839296 -33.880067 -26.372781 -35.573452 -26.372781 -36.420145 -27.839296 -35.573452 -29.305810 -33.880067 -29.305810 
7 17.005082 25.619311 16.194096 27.303340 14.371828 27.719261 12.910482 26.553877 12.910482 24.684745 14.371828 23.519361 16.194096 23.935282 
8 -16.067855 4.591755 -17.104124 7.290276 -20.581388 7.925440 -22.504743 5.767530 -20.792399 4.241310 -19.726234 5.437494 -18.783614 5.265313 -18.209184 3.769455 
8 21.502274 29.377750 20.861721 30.924182 19.315288 31.564736 17.768856 30.924182 17.128302 29.377750 17.768856 27.831318 19.315288 27.190764 20.861721 27.831318 
6 6.534939 -11.353480 5.340394 -9.284467 2.951304 -9.284467 1.756759 -11.353480 2.951304 -13.422492 5.340394 -13.422492 
8 33.402396 -15.915523 32.755108 -14.352832 31.192418 -13.705545 29.629728 -14.352832 28.982440 -15.915523 29.629728 -17.478213 31.192418 -18.125501 32.755108 -17.478213 
12 -37.651319 15.578388 -36.496882 14.312769 -34.462223 13.929731 -32.606255 14.847303 -31.675218 16.696554 -31.979900 18.382283 -34.083798 18.002021 -33.906235 17.019611 -34.194473 16.447106 -34.769058 16.163037 -35.398963 16.281621 -36.071746 17.019199 
3 16.586574 0.900263 13.793329 2.512943 13.793329 -0.712418 
8 -27.031187 3.375289 -29.167903 4.385847 -31.079551 2.167031 -29.764056 0.203295 -28.530666 1.029536 -29.217134 2.054278 -28.780910 2.560594 -27.665902 2.033252 
5 -6.831704 32.853048 -8.160281 34.681677 -10.309963 33.983203 -10.309963 31.722893 -8.160281 31.024419 
3 4.340894 4.117527 1.933135 5.507647 1.933135 2.727406 
16 -11.976424 -11.229151 -10.728631 -10.356484 -10.193188 -8.594878 -10.859569 -6.878518 -12.443442 -5.939742 -14.268999 -6.179106 -15.557311 -7.494478 -15.723846 -9.008018 -13.891438 -9.209638 -13.794574 -8.329293 -13.397728 -7.924111 -12.835391 -7.850379 -12.347502 -8.139555 -12.142232 -8.668255 -12.307168 -9.210893 -13.032942 -9.718477 
7 12.823425 32.169286 12.056413 33.762001 10.332954 34.155369 8.950847 33.053176 8.950847 31.285395 10.332954 30.183202 12.056413 30.576570 
6 -20.579942 -23.752725 -21.517890 -22.128152 -23.393786 -22.128152 -24.331733 -23.752725 -23.393786 -25.377298 -21.517890 -25.377298 
8 27.437914 -19.701738 25.861049 -18.073065 23.179319 -18.793000 22.630143 -20.992429 24.310866 -21.412089 24.613074 -20.201758 25.325603 -20.010473 26.193341 -20.906721 
6 19.377300 16.308812 18.667902 17.537526 17.249104 17.537526 16.539705 16.308812 17.249104 15.080097 18.667902 15.080097 
10 6.240875 33.859664 6.449033 35.313482 4.965793 36.337446 3.388031 35.466142 3.450504 33.998827 4.527482 34.044681 4.493400 34.845169 4.902640 35.071168 5.287363 34.805572 5.173803 34.012448 
6 -4.338370 17.642367 -9.484578 18.990711 -8.769278 13.719105 -6.581051 14.016023 -6.852743 16.018334 -4.898063 15.506193 
14 -1.883241 -28.129083 -0.314791 -27.095379 0.025833 -24.838849 -1.424055 -23.076529 -3.703930 -22.975924 -5.303413 -24.603684 -5.187732 -26.478571 -3.379208 -26.366985 -3.445174 -25.297847 -2.977313 -24.821714 -2.310431 -24.851142 -1.886327 -25.366635 -1.985962 -26.026688 -2.880358 -26.616149 
4 -32.387064 35.990892 -34.419508 38.023336 -36.451952 35.990892 -34.419508 33.958447 
8 12.907339 -10.640800 12.572803 -9.833159 11.765162 -9.498623 10.957521 -9.833159 10.622985 -10.640800 10.957521 -11.448441 11.765162 -11.782977 12.572803 -11.448441 
5 -22.658679 19.557849 -24.344076 21.877599 -27.071106 20.991533 -27.071106 18.124165 -24.344076 17.238099 
3 -28.652634 -15.748485 -30.154854 -14.881177 -30.154854 -16.615792 
16 -17.442487 -22.737141 -15.940365 -21.788207 -15.259560 -19.749453 -16.022364 -17.739939 -17.884549 -16.666495 -20.005771 -17.013531 -21.428790 -18.624441 -21.497114 -20.399878 -19.408522 -20.480253 -19.368860 -19.449606 -18.932744 -18.955906 -18.282648 -18.849549 -17.711939 -19.178530 -17.478161 -19.794391 -17.686809 -20.419213 -18.558795 -20.970072 
4 19.401601 -22.285686 17.526760 -20.410845 15.651918 -22.285686 17.526760 -24.160528 
4 -11.447736 14.213847 -13.467137 16.233247 -15.486538 14.213847 -13.467137 12.194446 
3 8.166493 6.573548 6.513924 7.527659 6.513924 5.619436 
3 32.788117 12.118782 31.149226 13.064997 31.149226 11.172568 
5 26.358751 -2.053415 25.507180 -0.881328 24.129309 -1.329026 24.129309 -2.777805 25.507180 -3.225502 
5 5.946848 20.867081 4.437100 22.945070 1.994277 22.151348 1.994277 19.582813 4.437100 18.789091 
6 -0.547453 -1.824358 -1.370678 -0.398492 -3.017127 -0.398492 -3.840351 -1.824358 -3.017127 -3.250225 -1.370678 -3.250225 
8 25.902305 -29.751956 27.466213 -25.930899 23.027309 -23.311058 20.438019 -26.526935 22.285470 -28.014425 23.588310 -26.396309 24.494095 -26.930904 23.707192 -28.853526 
6 -34.028634 -9.198809 -34.915700 -7.662366 -36.689832 -7.662366 -37.576898 -9.198809 -36.689832 -10.735253 -34.915700 -10.735253 
8 -3.008394 -9.638033 -0.644373 -11.174599 1.562151 -8.418325 -0.454558 -6.447915 -1.551883 -7.571024 -0.552551 -8.547414 -0.981243 -9.082913 -2.152677 -8.321505 
8 7.012076 -32.232888 6.391346 -30.734310 4.892768 -30.113579 3.394191 -30.734310 2.773460 -32.232888 3.394191 -33.731465 4.892768 -34.352196 6.391346 -33.731465 
12 -35.757329 -3.969722 -34.482987 -5.146234 -32.398512 -4.807930 -31.379594 -2.958256 -32.207566 -1.015591 -33.882993 -0.567182 -34.283649 -2.064183 -33.337270 -2.317471 -33.101108 -2.871577 -33.391734 -3.399160 -33.986288 -3.495654 -34.706112 -2.831092 
6 -26.432573 -24.390743 -27.520414 -22.506547 -29.696096 -22.506547 -30.783937 -24.390743 -29.696096 -26.274939 -27.520414 -26.274939 
12 2.035532 26.126172 3.179140 27.718904 2.934565 30.080764 1.183824 31.684855 -1.190369 31.722401 -2.677234 30.444173 -1.256909 28.792017 -0.397491 29.530842 0.322043 29.519463 0.852632 29.033319 0.926753 28.317523 0.265740 27.396913 
6 -14.369341 19.434822 -15.320748 21.082706 -17.223560 21.082706 -18.174967 19.434822 -17.223560 17.786938 -15.320748 17.786938 
