77
4 -40.000000 -41.000000 40.000000 -41.000000 40.000000 -40.000000 -40.000000 -40.000000 
4 -40.000000 40.000000 40.000000 40.000000 40.000000 41.000000 -40.000000 41.000000 
4 -41.000000 -41.000000 -40.000000 -41.000000 -40.000000 41.000000 -41.000000 41.000000 
4 40.000000 -41.000000 41.000000 -41.000000 41.000000 41.000000 40.000000 41.000000 
5 20.204889 28.441539 18.952946 30.164691 16.927259 29.506505 16.927259 27.376572 18.952946 26.718387 
6 -25.506216 13.157478 -25.488020 16.442160 -28.771738 16.523816 -28.814921 14.787241 -27.234544 14.747942 -27.243302 13.167101 
10 20.445507 -14.643912 18.300589 -11.869857 14.143533 -13.041933 13.675572 -17.335637 16.766340 -18.991899 17.903606 -16.869635 16.245248 -15.980963 16.361059 -14.918353 17.389852 -14.628286 18.540712 -16.116712 
5 -19.578725 33.308982 -20.562385 34.662873 -22.153980 34.145732 -22.153980 32.472231 -20.562385 31.955090 
6 10.974591 -20.590004 8.821868 -21.226395 9.961753 -23.160270 10.834027 -22.646125 10.352780 -21.829665 11.261635 -21.560988 
7 -11.308238 12.220425 -12.075823 13.814331 -13.800571 14.207994 -15.183711 13.104976 -15.183711 11.335873 -13.800571 10.232855 -12.075823 10.626518 
8 29.577246 -1.246277 29.053277 0.018696 27.788304 0.542665 26.523331 0.018696 25.999362 -1.246277 26.523331 -2.511250 27.788304 -3.035219 29.053277 -2.511250 
4 -17.680520 22.517673 -19.906556 24.743709 -22.132592 22.517673 -19.906556 20.291637 
4 10.373311 -4.118065 8.313736 -2.058490 6.254162 -4.118065 8.313736 -6.177639 
16 1.118780 -11.809719 -1.056290 -11.682534 -3.137050 -13.304312 -3.630783 -15.895827 -2.292098 -18.169074 0.213665 -18.994226 2.641119 -17.961176 3.584837 -15.997378 1.386534 -14.940967 0.840736 -16.076727 0.103929 -16.390290 -0.656648 -16.139831 -1.062980 -15.449830 -0.913117 -14.663225 -0.281542 -14.170965 0.976407 -14.244523 
7 35.870978 15.432009 35.123310 16.984558 33.443315 17.368006 32.096063 16.293609 32.096063 14.570409 33.443315 13.496012 35.123310 13.879460 
10 32.363350 -30.701763 32.531017 -31.864506 33.708862 -32.669677 35.098587 -32.346743 35.676714 -31.324074 34.678198 -30.759600 34.348081 -31.343555 33.940128 -31.438352 33.594371 -31.201994 33.498631 -30.538056 
4 -16.468610 10.312238 -18.092933 11.936560 -19.717255 10.312238 -18.092933 8.687915 
6 -14.400526 -6.015626 -12.013301 -6.365256 -11.353533 -4.044527 -12.674839 -3.668888 -13.005401 -4.831635 -14.201464 -4.656461 
12 -2.960957 34.451697 -4.080275 33.402075 -4.523421 31.604072 -3.915965 29.854732 -2.453851 28.718328 -0.924906 28.588311 -0.743325 30.723622 -1.639865 30.799861 -2.099729 31.157283 -2.290786 31.707485 -2.151408 32.272994 -1.495065 32.888469 
10 -12.240493 -16.621019 -14.044738 -14.453514 -17.322854 -15.618491 -17.362065 -19.097238 -14.726672 -20.101268 -14.054130 -18.335969 -15.458263 -17.801024 -15.448753 -16.957289 -14.653679 -16.674735 -13.692380 -17.829578 
6 23.850024 3.653965 22.700145 5.645614 20.400387 5.645614 19.250508 3.653965 20.400387 1.662316 22.700145 1.662316 
16 8.445921 17.703582 8.889161 18.587561 8.695960 19.766519 7.847616 20.607697 6.667061 20.790890 5.603689 20.246363 5.062287 19.181397 5.216790 18.204663 6.470408 18.402965 6.380215 18.973142 6.548552 19.304270 6.879185 19.473579 7.246252 19.416619 7.510027 19.155073 7.570098 18.788502 7.311353 18.272471 
8 23.617497 8.853234 22.416608 10.519717 19.919113 10.639074 18.564775 9.094708 19.956366 7.874346 20.722244 8.747685 21.436767 8.713538 22.115870 7.771141 
8 -13.927840 8.317776 -14.845627 7.433679 -14.648303 5.893309 -13.537299 5.269104 -12.994277 6.235612 -13.619484 6.586877 -13.675203 7.021838 -13.158727 7.519355 
16 15.426953 13.049442 16.031755 14.002789 16.143167 15.358400 15.611826 16.610507 14.559460 17.472261 13.227158 17.746240 11.920140 17.369677 11.104788 16.588745 12.402283 15.234062 12.883732 15.695187 13.302191 15.815748 13.728745 15.728030 14.065674 15.452128 14.235790 15.051250 14.200120 14.617233 13.842996 14.054301 
3 -18.922316 14.929398 -20.433291 15.801759 -20.433291 14.057036 
6 1.714526 -8.091607 3.518335 -9.297665 5.290609 -8.045729 4.442732 -6.845450 3.495459 -7.514604 2.531332 -6.869972 
7 -8.870326 32.866802 -9.723548 34.638534 -11.640718 35.076116 -13.178170 33.850040 -13.178170 31.883565 -11.640718 30.657489 -9.723548 31.095070 
7 -4.649564 16.987412 -5.363977 18.470905 -6.969248 18.837298 -8.256575 17.810688 -8.256575 16.164135 -6.969248 15.137525 -5.363977 15.503918 
4 16.991996 0.283387 15.735446 1.539937 14.478897 0.283387 15.735446 -0.973163 
7 -33.635315 10.679835 -34.211908 11.877143 -35.507500 12.172853 -36.546484 11.344291 -36.546484 10.015380 -35.507500 9.186818 -34.211908 9.482528 
12 7.092100 -28.832086 6.168790 -27.741962 4.431673 -27.739450 3.305130 -29.061752 3.583575 -30.776410 4.806534 -31.514813 5.495945 -30.372996 4.801225 -29.953534 4.720598 -29.457035 5.046802 -29.074146 5.549805 -29.074874 6.074305 -29.694135 
5 20.141814 21.502335 18.972971 23.111109 17.081744 22.496612 17.081744 20.508058 18.972971 19.893561 
14 -18.851240 -1.120678 -19.615174 -1.161365 -20.364227 -1.700909 -20.702830 -2.559709 -20.523549 -3.465273 -19.883266 -4.130274 -19.138979 -4.307153 -18.889870 -3.258933 -19.326478 -3.155174 -19.528067 -2.945803 -19.584512 -2.660693 -19.477905 -2.390306 -19.242072 -2.220434 -18.793938 -2.196566 
5 15.412043 34.138290 14.133063 35.898654 12.063631 35.226255 12.063631 33.050325 14.133063 32.377925 
4 -32.881279 -6.654336 -34.052970 -5.482645 -35.224660 -6.654336 -34.052970 -7.826026 
3 -21.643349 -5.836215 -24.627078 -4.113558 -24.627078 -7.558872 
5 -31.257671 15.891020 -32.652627 17.811011 -34.909711 17.077640 -34.909711 14.704400 -32.652627 13.971029 
8 -32.952515 7.095795 -33.769822 5.597153 -32.246428 4.129486 -30.779270 5.002050 -31.326534 5.922238 -32.091758 5.467136 -32.438861 5.801542 -32.012579 6.583187 
16 22.019693 -22.361323 20.738131 -22.602679 19.472148 -23.531560 18.731866 -24.916303 18.662659 -26.484978 19.278118 -27.929534 20.457380 -28.966294 21.712708 -29.319573 22.347242 -27.064846 21.604233 -26.855746 21.224392 -26.521805 21.026153 -26.056514 21.048445 -25.551243 21.286889 -25.105217 21.694663 -24.806025 22.453200 -24.663170 
6 8.667438 10.985219 5.610299 11.510625 5.421401 8.414424 6.933825 8.322151 7.019775 9.730939 8.410789 9.491876 
6 4.884893 -12.088035 6.857941 -12.842563 8.000249 -11.065667 6.934661 -10.380635 6.348984 -11.291673 5.337377 -10.904817 
4 -29.781643 -17.471173 -32.056216 -15.196600 -34.330788 -17.471173 -32.056216 -19.745745 
14 25.763369 8.380617 25.700398 7.450058 26.118250 6.407644 26.947012 5.649766 28.022535 5.326536 29.131791 5.501975 29.898575 6.032963 28.948978 7.404248 28.495186 7.090002 28.138005 7.033511 27.791686 7.137591 27.524824 7.381628 27.390276 7.717286 27.427543 8.268003 
6 -10.033921 2.511423 -10.611808 3.512352 -11.767582 3.512352 -12.345468 2.511423 -11.767582 1.510494 -10.611808 1.510494 
6 -19.096978 3.417333 -20.677676 5.695189 -22.948693 4.104680 -22.120054 2.921502 -21.037329 3.679789 -20.283719 2.593804 
6 -33.165109 36.225176 -33.704354 37.159175 -34.782843 37.159175 -35.322088 36.225176 -34.782843 35.291176 -33.704354 35.291176 
16 19.385565 -6.121211 18.419665 -7.386038 18.406282 -9.309447 19.552291 -10.854226 21.396911 -11.399258 23.198464 -10.725397 24.232589 -9.103587 24.109224 -7.516915 22.128956 -7.670882 22.200851 -8.595563 21.880698 -9.097656 21.322960 -9.306274 20.751888 -9.137539 20.397098 -8.659295 20.401242 -8.063831 20.964149 -7.326715 
7 -1.509205 22.977536 -2.136616 24.280367 -3.546394 24.602140 -4.676949 23.700552 -4.676949 22.254519 -3.546394 21.352931 -2.136616 21.674704 
6 30.169308 -27.533790 29.474733 -26.330751 28.085583 -26.330751 27.391008 -27.533790 28.085583 -28.736829 29.474733 -28.736829 
14 0.202587 -1.399894 1.246897 -1.207886 2.004945 -0.167821 1.838977 1.108434 0.840134 1.920028 -0.443073 1.821278 -1.154995 1.033485 -0.317363 0.276524 0.092596 0.730174 0.477717 0.759811 0.777493 0.516233 0.827304 0.133198 0.599796 -0.178950 -0.001568 -0.289517 
7 15.253860 28.856771 14.352620 30.728214 12.327553 31.190423 10.703576 29.895344 10.703576 27.818198 12.327553 26.523119 14.352620 26.985328 
12 -3.469934 -19.804799 -3.873776 -18.586190 -5.199414 -17.775823 -6.734876 -18.013246 -7.753847 -19.186152 -7.770771 -20.469823 -6.296775 -20.489255 -6.286968 -19.745390 -5.976102 -19.387561 -5.507665 -19.315129 -5.103241 -19.562354 -4.869221 -20.268518 
8 -24.368647 25.603671 -25.089167 27.343159 -26.828655 28.063679 -28.568143 27.343159 -29.288663 25.603671 -28.568143 23.864183 -26.828655 23.143663 -25.089167 23.864183 
14 0.932989 -3.813102 0.155556 -3.694490 -0.733499 -4.023022 -1.352367 -4.740904 -1.546326 -5.668661 -1.266885 -6.574346 -0.700198 -7.119632 0.166561 -6.218854 -0.167543 -5.897368 -0.256661 -5.608532 -0.194804 -5.312657 0.002562 -5.083713 0.286094 -4.978940 0.744448 -5.048871 
7 -23.650957 -14.030249 -24.453396 -12.363967 -26.256460 -11.952430 -27.702405 -13.105532 -27.702405 -14.954966 -26.256460 -16.108068 -24.453396 -15.696531 
6 -6.323395 -27.201863 -9.794155 -25.801301 -10.525242 -29.471895 -8.812798 -29.812970 -8.493349 -28.209103 -6.976800 -28.821079 
4 33.508505 -14.401475 32.018991 -12.911961 30.529477 -14.401475 32.018991 -15.890989 
16 11.091160 -0.195614 11.491993 0.803583 11.463740 2.098740 10.929446 3.278892 9.974850 4.154663 8.753133 4.585518 7.460342 4.502321 6.499305 4.017069 7.464398 2.105708 8.034686 2.393660 8.453814 2.420633 8.849899 2.280948 9.159383 1.997020 9.332603 1.614410 9.341763 1.194515 9.103905 0.601583 
12 -11.693242 25.223290 -10.957200 25.550749 -10.483474 26.401356 -10.615388 27.366005 -11.300090 28.058199 -12.097025 28.176026 -12.244345 27.179606 -11.779856 27.110931 -11.567820 26.896575 -11.526969 26.597846 -11.673671 26.334433 -12.102670 26.143575 
3 26.592729 -20.016919 23.601647 -18.290017 23.601647 -21.743821 
14 -3.447431 6.608644 -4.272568 7.061314 -5.383967 6.808895 -6.048372 5.882887 -5.931499 4.749191 -5.092152 3.978205 -4.151154 3.961382 -4.132441 5.008129 -4.676392 5.017853 -4.930827 5.251565 -4.966255 5.595227 -4.764851 5.875931 -4.427948 5.952448 -3.950972 5.690779 
16 35.350505 5.439368 34.557657 5.716918 33.568674 5.495965 32.845658 4.785926 32.606831 3.801106 32.924278 2.838747 33.702186 2.189310 34.534098 2.072844 34.702347 3.274639 34.213766 3.343039 33.968113 3.548123 33.867868 3.852023 33.943286 4.163016 34.171604 4.387236 34.483912 4.457010 34.949551 4.294005 
6 37.660542 -26.890863 36.950549 -25.661120 35.530564 -25.661120 34.820571 -26.890863 35.530564 -28.120607 36.950549 -28.120607 
6 14.075902 10.635524 13.185871 12.177103 11.405810 12.177103 10.515780 10.635524 11.405810 9.093946 13.185871 9.093946 
5 10.141137 -34.251199 9.077695 -32.787495 7.357008 -33.346580 7.357008 -35.155817 9.077695 -35.714902 
10 6.192379 5.925935 5.316786 6.787400 3.837190 6.924698 2.604278 6.095251 2.248500 4.919579 3.632234 4.500838 3.838771 5.183343 4.216660 5.437570 4.670157 5.395487 5.178459 4.895387 
10 8.039272 32.206357 7.153710 33.291492 5.448964 33.192570 4.529568 31.753593 5.043538 30.450683 6.161988 30.891888 5.873326 31.623644 6.131569 32.027829 6.610405 32.055615 7.107766 31.446168 
7 -35.255895 5.002810 -35.820038 6.174265 -37.087656 6.463590 -38.104207 5.652918 -38.104207 4.352701 -37.087656 3.542029 -35.820038 3.831355 
8 -28.523124 29.256222 -28.767886 30.840491 -30.725737 31.148863 -31.445630 29.716532 -30.518186 29.250396 -30.138620 30.005596 -29.678001 29.933046 -29.548950 29.097737 
10 20.398506 14.767621 21.787297 15.714988 21.529977 17.760971 19.591784 18.465006 18.360379 17.320503 19.209007 16.407438 19.882326 17.033240 20.388258 16.849464 20.455427 16.315396 19.696050 15.797386 
4 13.480550 -24.700610 12.245667 -23.465727 11.010784 -24.700610 12.245667 -25.935493 
8 -15.397791 30.082043 -16.008448 31.556300 -17.482705 32.166957 -18.956962 31.556300 -19.567619 30.082043 -18.956962 28.607786 -17.482705 27.997129 -16.008448 28.607786 
4 -23.442255 -1.177985 -24.730629 0.110389 -26.019002 -1.177985 -24.730629 -2.466358 
4 24.629511 -2.782068 22.143464 -0.296021 19.657417 -2.782068 22.143464 -5.268115 
3 31.949451 -10.252047 28.564263 -8.297609 28.564263 -12.206486 
5 -24.380157 5.283756 -25.862338 7.323804 -28.260558 6.544575 -28.260558 4.022937 -25.862338 3.243708 
