20
6 -29.697408 -24.312668 -30.670709 -22.626861 -32.617312 -22.626861 -33.590613 -24.312668 -32.617312 -25.998475 -30.670709 -25.998475 
6 32.480672 -20.945978 32.103890 -24.268500 35.426940 -23.896399 35.257084 -22.379498 33.836230 -22.538599 33.997332 -21.117971 
3 16.691087 29.009586 13.729306 30.719571 13.729306 27.299601 
5 -21.090078 3.133197 -21.822906 4.141848 -23.008647 3.756578 -23.008647 2.509816 -21.822906 2.124545 
7 29.696693 14.013091 29.285409 14.867130 28.361264 15.078060 27.620156 14.487047 27.620156 13.539135 28.361264 12.948122 29.285409 13.159052 
8 4.569133 -14.115790 6.019558 -11.819666 4.170549 -9.039045 1.492125 -9.488452 1.810414 -11.385424 3.259226 -11.142331 3.727486 -11.846520 2.942922 -13.088539 
16 -16.889068 11.973118 -17.473559 12.175705 -18.216432 12.129940 -18.884433 11.801718 -19.374596 11.241633 -19.611365 10.536016 -19.558244 9.793632 -19.279960 9.241157 -18.158657 9.805962 -18.323868 10.133953 -18.341109 10.374910 -18.264261 10.603934 -18.105168 10.785722 -17.888353 10.892254 -17.647237 10.907108 -17.300239 10.786837 
10 -19.788308 -7.877687 -20.872192 -8.614648 -20.867788 -10.214499 -19.539845 -11.106750 -18.325000 -10.614747 -18.733763 -9.605438 -19.412571 -9.880351 -19.780444 -9.633175 -19.781664 -9.189977 -19.176032 -8.778192 
6 -21.853316 -19.173963 -22.752067 -17.617280 -24.549569 -17.617280 -25.448320 -19.173963 -24.549569 -20.730645 -22.752067 -20.730645 
6 -7.767101 -7.358269 -8.588592 -5.935404 -10.231575 -5.935404 -11.053066 -7.358269 -10.231575 -8.781134 -8.588592 -8.781134 
3 -7.585261 7.436153 -9.528772 8.558239 -9.528772 6.314067 
6 30.931568 -31.222562 30.146017 -28.184463 27.029247 -28.548985 27.237500 -30.329614 28.801654 -30.146679 29.195883 -31.671352 
16 -2.138598 -18.934306 -2.842749 -18.784685 -3.656367 -19.088796 -4.179280 -19.782352 -4.247797 -20.648241 -3.840467 -21.415405 -3.084802 -21.843690 -2.365884 -21.806675 -2.418374 -20.787210 -2.840237 -20.808931 -3.078349 -20.673977 -3.206699 -20.432242 -3.185110 -20.159398 -3.020338 -19.940857 -2.763965 -19.845030 -2.350768 -19.932828 
4 -28.209177 2.630370 -29.955154 4.376347 -31.701131 2.630370 -29.955154 0.884393 
4 7.790195 30.168390 6.135060 31.823525 4.479925 30.168390 6.135060 28.513255 
6 -28.308805 27.791365 -28.969691 28.936053 -30.291463 28.936053 -30.952348 27.791365 -30.291463 26.646677 -28.969691 26.646677 
16 -12.334973 -28.322022 -12.271733 -27.281418 -12.829673 -26.155248 -13.873915 -25.455878 -15.127690 -25.368670 -16.258698 -25.916739 -16.967174 -26.954823 -17.048607 -27.994161 -15.444727 -28.119826 -15.396770 -27.507741 -15.171466 -27.177618 -14.811792 -27.003325 -14.413076 -27.031058 -14.080994 -27.253466 -13.903562 -27.611602 -13.940805 -28.224432 
7 -27.311887 -8.913511 -27.842118 -7.812475 -29.033536 -7.540541 -29.988980 -8.302482 -29.988980 -9.524541 -29.033536 -10.286481 -27.842118 -10.014548 
4 -19.607366 23.210286 -21.094905 24.697824 -22.582444 23.210286 -21.094905 21.722747 
16 7.855268 9.742196 6.984499 9.718107 6.197707 9.016440 6.048600 7.972819 6.607424 7.078898 7.610914 6.755809 8.586320 7.155760 8.989393 7.927997 8.100802 8.391801 7.867192 7.944233 7.569496 7.822167 7.263228 7.920775 7.092674 8.193601 7.138182 8.512117 7.378313 8.726267 7.882987 8.740228 
