100
14 27.325614 -12.750050 26.247090 -13.217401 25.425132 -14.372405 25.318757 -15.786029 25.958610 -17.051033 27.160361 -17.802993 28.335643 -17.821473 28.362980 -16.082957 27.672024 -16.072092 27.291525 -15.834006 27.088934 -15.433479 27.122614 -14.985895 27.382864 -14.620197 28.016935 -14.345439 
6 -16.413769 -10.046543 -16.168736 -6.711297 -19.481822 -6.255922 -19.729562 -8.058356 -18.108356 -8.281187 -18.228259 -9.913237 
14 35.988859 -13.197802 35.515785 -12.138573 34.269205 -11.494755 32.893402 -11.769759 31.990100 -12.843308 31.954371 -14.245873 32.655093 -15.170402 33.760299 -14.332742 33.353073 -13.795451 33.364055 -13.364361 33.641692 -13.034397 34.064556 -12.949872 34.447703 -13.147755 34.722630 -13.763327 
4 18.900998 -33.364347 17.800523 -32.263871 16.700048 -33.364347 17.800523 -34.464822 
4 -11.753539 25.530839 -13.090159 26.867459 -14.426780 25.530839 -13.090159 24.194218 
16 38.210482 -33.606264 38.110462 -33.008046 37.696129 -32.406796 37.066003 -32.037860 36.338902 -31.970803 35.651929 -32.218270 35.134620 -32.733598 34.926876 -33.303433 35.971585 -33.684301 36.094614 -33.346835 36.261478 -33.180611 36.483068 -33.100788 36.717601 -33.122417 36.920855 -33.241422 37.054502 -33.435361 37.113736 -33.789636 
12 6.831238 18.611687 7.099346 19.600759 6.633440 20.748486 5.567747 21.379868 4.337308 21.237160 3.598620 20.526889 4.478226 19.612092 4.908510 20.025824 5.288963 20.069949 5.618477 19.874725 5.762535 19.519847 5.606363 18.943714 
3 -2.257286 -9.894139 -5.144708 -8.227086 -5.144708 -11.561193 
3 -27.754650 -16.833221 -29.906559 -15.590817 -29.906559 -18.075626 
3 17.081734 0.381328 15.461305 1.316883 15.461305 -0.554228 
8 -21.362159 4.884752 -21.682161 5.657304 -22.454714 5.977306 -23.227267 5.657304 -23.547269 4.884752 -23.227267 4.112199 -22.454714 3.792197 -21.682161 4.112199 
6 32.516835 4.685832 33.733932 5.499132 33.621757 6.958653 32.500886 6.872505 32.562678 6.068533 31.892243 5.620529 
5 -32.510964 -5.126090 -33.881459 -3.239765 -36.098967 -3.960277 -36.098967 -6.291903 -33.881459 -7.012415 
4 6.694329 -9.829966 5.612682 -8.748319 4.531036 -9.829966 5.612682 -10.911613 
3 -9.112929 -5.078566 -11.235008 -3.853384 -11.235008 -6.303749 
16 -25.950832 25.580531 -25.490496 25.125292 -24.748972 24.884121 -23.978080 25.001371 -23.341793 25.452103 -22.975450 26.140445 -22.956974 26.919983 -23.233725 27.505271 -24.243379 27.027860 -24.079768 26.681846 -24.085701 26.431508 -24.203347 26.210457 -24.407682 26.065711 -24.655243 26.028057 -24.893373 26.105506 -25.165517 26.374637 
7 -16.528565 -22.006750 -17.015006 -20.996645 -18.108028 -20.747170 -18.984564 -21.446184 -18.984564 -22.567315 -18.108028 -23.266329 -17.015006 -23.016854 
10 -37.756789 35.662941 -37.867579 34.174225 -36.637028 32.843296 -34.824413 32.835952 -33.802115 33.923821 -34.873740 34.930854 -35.458042 34.309074 -35.991482 34.311235 -36.353624 34.702918 -36.290302 35.553806 
6 -33.370934 -18.212510 -34.187340 -16.798453 -35.820152 -16.798453 -36.636559 -18.212510 -35.820152 -19.626567 -34.187340 -19.626567 
8 -6.916350 -23.243182 -7.274512 -22.378501 -8.139193 -22.020338 -9.003875 -22.378501 -9.362037 -23.243182 -9.003875 -24.107863 -8.139193 -24.466026 -7.274512 -24.107863 
5 -12.928150 -28.998506 -13.864633 -27.709548 -15.379894 -28.201886 -15.379894 -29.795126 -13.864633 -30.287464 
5 -30.366811 13.690353 -31.126814 14.736408 -32.356526 14.336851 -32.356526 13.043856 -31.126814 12.644298 
16 29.636664 -20.183017 28.627782 -20.006261 27.516190 -20.549991 26.936540 -21.643281 27.110270 -22.868473 27.971011 -23.757519 29.189943 -23.970784 30.109916 -23.520521 29.533062 -22.341901 28.996077 -22.604719 28.617179 -22.538426 28.349623 -22.262072 28.295621 -21.881229 28.475801 -21.541387 28.821332 -21.372372 29.410214 -21.475544 
10 31.030882 -9.705109 30.776657 -8.450158 29.298988 -7.930575 28.095623 -8.933264 28.295433 -10.198020 29.290204 -10.040863 29.179626 -9.340931 29.504367 -9.070345 29.903132 -9.210560 30.043824 -9.905065 
3 6.135674 24.920663 3.715425 26.317995 3.715425 23.523332 
14 14.918676 10.228874 15.624034 10.959875 15.801554 12.174070 15.237957 13.264088 14.144595 13.821169 12.931481 13.636406 12.204703 12.926699 13.122594 11.986729 13.547045 12.401210 13.924664 12.458723 14.265007 12.285314 14.440444 11.946012 14.385186 11.568057 13.973245 11.141140 
3 6.094334 -31.423491 3.510466 -29.931694 3.510466 -32.915288 
7 -25.565112 14.720653 -26.180017 15.997517 -27.561697 16.312877 -28.669718 15.429259 -28.669718 14.012047 -27.561697 13.128430 -26.180017 13.443789 
6 -12.807384 36.959998 -12.450924 33.687238 -9.193508 34.163953 -9.436882 35.826941 -10.968913 35.602732 -11.136563 37.141979 
8 -5.804815 -6.243258 -6.104082 -5.520764 -6.826576 -5.221497 -7.549070 -5.520764 -7.848337 -6.243258 -7.549070 -6.965752 -6.826576 -7.265019 -6.104082 -6.965752 
4 -9.349737 20.645438 -10.977605 22.273307 -12.605473 20.645438 -10.977605 19.017570 
6 37.108166 12.392817 36.592389 13.286168 35.560837 13.286168 35.045061 12.392817 35.560837 11.499466 36.592389 11.499466 
8 -14.669148 36.013337 -15.193039 37.278123 -16.457825 37.802015 -17.722611 37.278123 -18.246503 36.013337 -17.722611 34.748551 -16.457825 34.224660 -15.193039 34.748551 
8 13.358639 7.128908 11.414226 8.981616 8.541489 7.306147 9.196716 4.701546 10.847627 5.116857 10.504613 6.480375 11.166405 6.866352 12.184312 5.896454 
8 1.402053 18.556997 1.712975 17.536156 2.872591 16.958663 3.874649 17.325637 3.509919 18.321566 2.936645 18.111621 2.594528 18.281996 2.416651 18.866017 
4 -26.060051 -11.958759 -27.069659 -10.949151 -28.079267 -11.958759 -27.069659 -12.968368 
3 38.301696 2.766610 36.784981 3.642286 36.784981 1.890935 
5 -18.585448 -17.188440 -19.583920 -15.814161 -21.199482 -16.339089 -21.199482 -18.037791 -19.583920 -18.562719 
4 7.502195 1.376097 6.283101 2.595191 5.064007 1.376097 6.283101 0.157003 
3 12.804087 -20.064944 11.025584 -19.038125 11.025584 -21.091763 
8 -4.068979 36.852958 -4.476086 37.835804 -5.458932 38.242911 -6.441777 37.835804 -6.848885 36.852958 -6.441777 35.870113 -5.458932 35.463005 -4.476086 35.870113 
4 -12.736290 -4.623695 -14.325580 -3.034406 -15.914870 -4.623695 -14.325580 -6.212985 
4 -20.040073 11.006025 -21.224868 12.190819 -22.409662 11.006025 -21.224868 9.821230 
6 26.392702 13.368281 25.557117 14.815557 23.885947 14.815557 23.050362 13.368281 23.885947 11.921006 25.557117 11.921006 
4 31.625737 10.936784 29.669275 12.893245 27.712814 10.936784 29.669275 8.980322 
3 -25.252226 -19.857453 -26.812619 -18.956559 -26.812619 -20.758346 
10 -13.152880 -0.002215 -12.184683 1.427744 -12.619433 3.477973 -14.397669 4.587173 -16.072403 4.165920 -15.649143 2.483204 -14.689952 2.724473 -14.163770 2.396259 -14.035127 1.789595 -14.589655 0.970597 
7 9.602704 -12.207317 9.198846 -11.368697 8.291385 -11.161575 7.563658 -11.741918 7.563658 -12.672716 8.291385 -13.253059 9.198846 -13.045937 
6 -20.974270 36.202432 -21.599009 37.284512 -22.848488 37.284512 -23.473227 36.202432 -22.848488 35.120352 -21.599009 35.120352 
7 35.938347 17.328319 35.279612 18.696197 33.799446 19.034035 32.612446 18.087434 32.612446 16.569203 33.799446 15.622602 35.279612 15.960440 
4 12.851921 2.564759 11.843068 3.573612 10.834215 2.564759 11.843068 1.555906 
3 -9.513751 -18.891998 -11.514486 -17.736873 -11.514486 -20.047123 
3 -17.033387 25.053212 -18.834334 26.092989 -18.834334 24.013435 
6 -35.490796 25.323505 -36.166714 26.494231 -37.518551 26.494231 -38.194470 25.323505 -37.518551 24.152780 -36.166714 24.152780 
16 -2.310119 -22.758212 -3.138581 -22.169186 -4.364369 -22.274385 -5.230932 -23.147707 -5.326603 -24.374275 -4.605932 -25.371400 -3.411280 -25.665389 -2.501506 -25.211944 -3.021036 -24.169580 -3.548148 -24.432301 -3.912454 -24.342649 -4.132222 -24.038578 -4.103047 -23.664538 -3.838790 -23.398220 -3.464988 -23.366140 -2.984988 -23.707414 
6 -35.542302 15.615202 -36.266038 16.868751 -37.713512 16.868751 -38.437248 15.615202 -37.713512 14.361654 -36.266038 14.361654 
7 1.125581 7.820719 0.694384 8.716110 -0.274509 8.937253 -1.051500 8.317623 -1.051500 7.323814 -0.274509 6.704184 0.694384 6.925327 
3 16.102137 29.960389 14.191902 31.063264 14.191902 28.857514 
6 -31.850675 3.493139 -32.524590 4.660394 -33.872421 4.660394 -34.546336 3.493139 -33.872421 2.325884 -32.524590 2.325884 
16 30.305244 -25.563737 30.217628 -26.859364 31.009476 -28.212529 32.425040 -28.886518 33.974646 -28.648184 35.122254 -27.579972 35.470882 -26.051397 34.997982 -24.841980 33.368018 -25.479320 33.644821 -26.187230 33.535671 -26.665802 33.176373 -27.000243 32.691216 -27.074861 32.248026 -26.863846 32.000110 -26.440191 32.051395 -25.681820 
12 -6.435989 22.358070 -6.506872 23.270986 -7.186260 24.142741 -8.233889 24.494877 -9.301895 24.210465 -9.909797 23.525707 -8.967481 22.689154 -8.611278 23.090391 -8.275990 23.179679 -7.947099 23.069130 -7.733813 22.795453 -7.692279 22.260526 
7 -21.051284 -4.794855 -21.655647 -3.539883 -23.013638 -3.229931 -24.102662 -4.098398 -24.102662 -5.491312 -23.013638 -6.359780 -21.655647 -6.049828 
3 6.501072 34.765610 3.614749 36.432030 3.614749 33.099191 
6 -21.061223 15.120025 -21.687158 16.204176 -22.939028 16.204176 -23.564963 15.120025 -22.939028 14.035874 -21.687158 14.035874 
8 38.236671 -16.672993 37.706926 -15.394074 36.428007 -14.864328 35.149088 -15.394074 34.619342 -16.672993 35.149088 -17.951912 36.428007 -18.481658 37.706926 -17.951912 
7 37.465893 8.701999 36.973143 9.725206 35.865943 9.977918 34.978037 9.269836 34.978037 8.134163 35.865943 7.426081 36.973143 7.678793 
8 -4.977216 -15.060173 -5.342173 -14.179088 -6.223258 -13.814131 -7.104343 -14.179088 -7.469300 -15.060173 -7.104343 -15.941258 -6.223258 -16.306215 -5.342173 -15.941258 
6 8.591428 -15.014256 8.532034 -16.797128 10.248500 -17.282828 10.547536 -16.226032 9.658340 -15.974421 9.689108 -15.050824 
4 -25.346334 4.321010 -26.702406 5.677082 -28.058478 4.321010 -26.702406 2.964938 
8 -13.083139 -34.688331 -13.387310 -33.953998 -14.121642 -33.649827 -14.855975 -33.953998 -15.160146 -34.688331 -14.855975 -35.422663 -14.121642 -35.726834 -13.387310 -35.422663 
6 13.374434 -7.161259 11.843469 -7.207430 11.133849 -8.564789 12.175772 -9.109501 12.566627 -8.361875 13.409875 -8.336444 
5 -5.161698 -27.906092 -6.052781 -26.679621 -7.494585 -27.148091 -7.494585 -28.664093 -6.052781 -29.132563 
8 3.474936 -21.496834 3.702040 -20.344076 2.831762 -19.212035 1.659364 -19.135171 1.586218 -20.250848 2.253731 -20.294611 2.507252 -20.624386 2.377949 -21.280717 
8 35.263733 -8.038807 36.431857 -8.493720 37.718969 -7.669965 37.795136 -6.418702 36.717001 -6.353074 36.674199 -7.056216 36.312127 -7.287944 35.655703 -7.032307 
6 -35.998462 10.346336 -38.121112 9.729359 -37.736465 7.552584 -36.516694 7.768123 -36.707901 8.850196 -35.652735 9.156895 
4 -30.068574 35.933222 -31.774080 37.638729 -33.479587 35.933222 -31.774080 34.227715 
16 10.656023 -27.690538 11.559807 -28.014375 12.638993 -27.581957 13.159845 -26.542563 12.860263 -25.419230 11.891001 -24.777235 10.739806 -24.939638 10.117304 -25.670519 10.930252 -26.362917 11.290091 -25.940429 11.639051 -25.891200 11.932862 -26.085807 12.023674 -26.426321 11.865789 -26.741391 11.538657 -26.872469 11.016221 -26.685274 
3 -11.472329 17.301551 -13.870154 18.685936 -13.870154 15.917166 
3 10.591976 24.292208 8.205049 25.670301 8.205049 22.914114 
8 24.990370 -34.038138 24.537373 -32.944507 23.443742 -32.491510 22.350111 -32.944507 21.897115 -34.038138 22.350111 -35.131769 23.443742 -35.584766 24.537373 -35.131769 
4 -16.699623 13.778363 -17.810427 14.889166 -18.921231 13.778363 -17.810427 12.667559 
8 -9.178919 14.717219 -9.472735 15.426552 -10.182068 15.720367 -10.891401 15.426552 -11.185216 14.717219 -10.891401 14.007886 -10.182068 13.714071 -9.472735 14.007886 
5 38.346810 -3.162947 37.374222 -1.824296 35.800542 -2.335615 35.800542 -3.990280 37.374222 -4.501599 
8 22.117503 28.978943 21.833803 30.637661 20.162546 31.810001 18.506322 31.512084 18.811037 29.818070 19.761317 29.989003 20.258161 29.640482 20.420937 28.688770 
6 15.391611 -31.246984 14.826617 -30.268385 13.696628 -30.268385 13.131634 -31.246984 13.696628 -32.225583 14.826617 -32.225583 
6 17.233114 8.909871 14.505299 8.554896 15.982937 6.234644 16.920982 6.832032 16.382436 7.677679 17.376625 7.807054 
5 22.368019 -24.613813 21.600255 -23.557077 20.357987 -23.960714 20.357987 -25.266912 21.600255 -25.670549 
5 -14.567403 20.809160 -15.288738 21.801991 -16.455881 21.422763 -16.455881 20.195556 -15.288738 19.816328 
3 29.915835 16.329919 27.760521 17.574290 27.760521 15.085547 
3 -29.963680 -20.433560 -31.859493 -19.339012 -31.859493 -21.528108 
8 -36.093378 -12.704660 -36.392796 -11.981802 -37.115654 -11.682384 -37.838512 -11.981802 -38.137930 -12.704660 -37.838512 -13.427518 -37.115654 -13.726936 -36.392796 -13.427518 
5 -32.045425 26.638543 -32.803984 27.682611 -34.031359 27.283813 -34.031359 25.993274 -32.803984 25.594476 
5 -35.277604 19.872846 -36.065894 20.957835 -37.341375 20.543406 -37.341375 19.202286 -36.065894 18.787857 
4 -15.564354 -32.253951 -16.663677 -31.154628 -17.763001 -32.253951 -16.663677 -33.353275 
4 -29.437241 -12.885400 -30.898667 -11.423973 -32.360094 -12.885400 -30.898667 -14.346826 
4 29.826186 -2.606262 28.780011 -1.560086 27.733835 -2.606262 28.780011 -3.652438 
10 -9.328458 -34.832455 -8.620123 -36.253261 -6.683953 -36.403012 -5.560575 -34.818966 -6.199600 -33.365668 -7.344479 -33.869079 -6.990729 -34.673593 -7.294133 -35.101414 -7.817056 -35.060969 -8.209175 -34.274443 
3 -26.795749 -24.010894 -28.528949 -23.010231 -28.528949 -25.011558 
14 31.486464 -35.145100 31.729457 -35.801909 32.362470 -36.359944 33.184380 -36.551182 33.998719 -36.329911 34.610827 -35.749023 34.829554 -35.083739 33.747738 -34.728067 33.618678 -35.120618 33.423066 -35.306252 33.162828 -35.376964 32.900170 -35.315850 32.697878 -35.137519 32.554499 -34.749969 
7 -34.487237 29.671956 -34.916243 30.562796 -35.880211 30.782816 -36.653254 30.166335 -36.653254 29.177576 -35.880211 28.561095 -34.916243 28.781115 
