100
12 8.517404 -31.908324 8.242011 -30.798828 6.978413 -30.216385 5.733945 -30.838654 5.441801 -32.199011 6.164201 -33.084991 6.965180 -32.431897 6.556484 -31.930656 6.640163 -31.541008 6.996616 -31.362772 7.358550 -31.529601 7.514353 -32.157296 
16 6.156540 -8.259487 5.604768 -8.432120 5.074661 -8.882598 4.762539 -9.504310 4.717959 -10.198541 4.947999 -10.855067 5.416135 -11.369648 5.941295 -11.611436 6.424756 -10.561366 6.113084 -10.417870 5.961266 -10.250990 5.886663 -10.038077 5.901121 -9.812936 6.002343 -9.611313 6.174258 -9.465222 6.501724 -9.362768 
4 -11.101659 6.884998 -12.790081 8.573419 -14.478502 6.884998 -12.790081 5.196576 
8 -25.756805 18.544118 -26.278850 19.804445 -27.539177 20.326489 -28.799504 19.804445 -29.321548 18.544118 -28.799504 17.283791 -27.539177 16.761746 -26.278850 17.283791 
12 -7.266175 24.388631 -7.680928 25.647830 -9.045807 26.491116 -10.633178 26.258134 -11.698170 25.058209 -11.733593 23.732936 -10.205542 23.692093 -10.185009 24.460302 -9.859844 24.826665 -9.375186 24.897799 -8.958459 24.640326 -8.718043 23.910417 
5 -7.792166 -36.184709 -8.594930 -35.079800 -9.893829 -35.501838 -9.893829 -36.867581 -8.594930 -37.289619 
4 32.579722 -18.594433 31.485755 -17.500466 30.391787 -18.594433 31.485755 -19.688400 
14 13.927082 24.167111 14.181140 25.222225 13.421824 26.300675 12.110505 26.442305 11.138429 25.550854 11.166273 24.232203 11.996379 23.533107 12.661787 24.323211 12.189149 24.721256 12.181038 25.105416 12.464231 25.365121 12.846255 25.323860 13.067465 25.009677 12.922812 24.408926 
6 5.528346 31.023314 8.058078 32.291548 6.148421 34.379889 5.222993 33.533644 6.013410 32.669268 4.966341 32.144340 
6 34.000242 9.647384 33.397446 10.691458 32.191853 10.691458 31.589056 9.647384 32.191853 8.603310 33.397446 8.603310 
12 6.534890 2.464815 7.634917 3.487166 7.913095 5.281738 7.019590 6.862724 5.338710 7.550120 3.895440 7.135110 4.395823 5.394943 5.235066 5.636266 5.752471 5.424673 6.027508 4.938016 5.941880 4.385615 5.302228 3.791130 
7 31.097677 -10.443103 30.561063 -9.328813 29.355303 -9.053606 28.388359 -9.824719 28.388359 -11.061487 29.355303 -11.832599 30.561063 -11.557392 
16 12.046290 -26.177878 12.033948 -27.451775 12.788283 -28.789641 14.110094 -29.571770 15.645871 -29.588988 16.984884 -28.836689 17.769024 -27.516071 17.785244 -26.242217 15.828440 -26.217301 15.818889 -26.967362 15.569637 -27.387144 15.144008 -27.626276 14.655833 -27.620803 14.235672 -27.372189 13.995893 -26.946925 14.003161 -26.196838 
3 -15.672177 -24.780033 -17.276255 -23.853919 -17.276255 -25.706148 
5 19.238027 24.658296 18.455320 25.735600 17.188874 25.324106 17.188874 23.992485 18.455320 23.580992 
16 -6.994040 33.046731 -7.192783 34.095392 -8.143586 34.967027 -9.426955 35.096404 -10.532599 34.432081 -11.020894 33.238204 -10.697687 31.989481 -9.865091 31.321669 -9.026852 32.366745 -9.512242 32.756069 -9.612394 33.143008 -9.461087 33.512951 -9.118483 33.718804 -8.720809 33.678714 -8.426186 33.408623 -8.310322 32.797269 
16 -32.045107 35.316480 -31.867581 36.268388 -32.434750 37.293506 -33.524586 37.723396 -34.638857 37.361529 -35.268160 36.373336 -35.124801 35.210582 -34.421858 34.544613 -33.643627 35.366051 -34.051494 35.752465 -34.095375 36.108379 -33.902748 36.410861 -33.561674 36.521627 -33.228080 36.390039 -33.054472 36.076255 -33.157478 35.523931 
14 9.255434 -37.351343 10.096263 -37.149816 10.721874 -36.311222 10.665763 -35.266483 9.953933 -34.499719 8.916237 -34.366242 8.186749 -34.830412 8.725407 -35.676965 9.148463 -35.407777 9.465684 -35.448580 9.683289 -35.682978 9.700442 -36.002352 9.509194 -36.258708 9.021567 -36.375580 
6 -35.136047 8.454756 -33.185694 10.343718 -34.888288 12.458719 -36.060597 11.515000 -35.218989 10.469535 -36.183067 9.535803 
5 -13.797917 -7.939750 -14.637456 -6.784223 -15.995859 -7.225595 -15.995859 -8.653904 -14.637456 -9.095276 
7 14.748279 -3.597471 14.031038 -2.108107 12.419414 -1.740264 11.126992 -2.770936 11.126992 -4.424006 12.419414 -5.454679 14.031038 -5.086836 
8 33.527583 -29.008292 33.230251 -28.290468 32.512427 -27.993136 31.794603 -28.290468 31.497271 -29.008292 31.794603 -29.726116 32.512427 -30.023449 33.230251 -29.726116 
16 -11.593997 -27.137111 -11.987653 -26.454615 -12.760923 -25.905470 -13.692740 -25.728767 -14.613368 -25.956695 -15.355108 -26.547735 -15.782848 -27.394225 -15.812608 -28.181550 -14.343754 -28.237072 -14.326122 -27.770589 -14.187989 -27.497227 -13.948454 -27.306359 -13.651151 -27.232753 -13.350233 -27.289817 -13.100517 -27.467155 -12.867279 -27.871528 
16 -30.599315 25.855043 -31.099951 27.395139 -32.789896 28.390010 -34.714766 28.015097 -35.907793 26.458701 -35.769779 24.502523 -34.370042 23.129053 -32.752765 23.045702 -32.659963 24.846349 -33.594910 24.894534 -34.019298 25.310958 -34.061142 25.904054 -33.699427 26.375939 -33.115824 26.489609 -32.603448 26.187973 -32.314031 25.297644 
10 -23.964146 22.214659 -21.476295 21.218745 -19.179770 23.588351 -20.501465 26.611956 -23.180533 26.549969 -23.137774 24.701938 -21.698522 24.735238 -21.370261 23.984285 -21.940634 23.395762 -23.277160 23.930788 
6 -4.411097 -32.849866 -5.179430 -31.519075 -6.716096 -31.519075 -7.484429 -32.849866 -6.716096 -34.180658 -5.179430 -34.180658 
3 19.698190 -8.908853 18.106208 -7.989722 18.106208 -9.827984 
4 21.464465 -24.235488 20.153902 -22.924924 18.843338 -24.235488 20.153902 -25.546051 
6 17.077200 27.938299 19.922495 29.402180 18.985302 32.461644 17.186764 31.910705 17.663253 30.355206 16.216642 29.610936 
10 34.341254 -15.899705 35.695559 -17.120936 37.762961 -16.258697 37.867668 -14.021144 36.257483 -13.165077 35.640049 -14.326414 36.514910 -14.791541 36.488059 -15.365339 35.957895 -15.586451 35.222061 -14.922920 
7 -5.486791 19.240064 -5.954311 20.210878 -7.004817 20.450649 -7.847258 19.778825 -7.847258 18.701302 -7.004817 18.029478 -5.954311 18.269250 
7 -32.294288 -27.128403 -32.845821 -25.983134 -34.085103 -25.700276 -35.078930 -26.492826 -35.078930 -27.763979 -34.085103 -28.556530 -32.845821 -28.273672 
8 -15.148842 -20.419803 -15.512118 -19.542776 -16.389144 -19.179500 -17.266171 -19.542776 -17.629447 -20.419803 -17.266171 -21.296829 -16.389144 -21.660105 -15.512118 -21.296829 
4 35.588792 -1.127953 33.724678 0.736161 31.860563 -1.127953 33.724678 -2.992068 
6 -4.015676 29.854635 -4.801094 31.215017 -6.371928 31.215017 -7.157346 29.854635 -6.371928 28.494252 -4.801094 28.494252 
14 -12.986766 33.688815 -13.062674 34.416856 -13.621097 35.101436 -14.463460 35.367728 -15.313913 35.128527 -15.893955 34.462166 -15.993121 33.736926 -14.988017 33.599494 -14.929890 34.024599 -14.747630 34.233983 -14.480401 34.309144 -14.215715 34.225470 -14.040247 34.010362 -13.995753 33.583614 
8 -33.149513 -34.283823 -32.767502 -32.929397 -33.667402 -31.476288 -35.050156 -31.214768 -35.305065 -32.562569 -34.515646 -32.711871 -34.251610 -33.138222 -34.469702 -33.911469 
4 -8.451340 -29.986718 -9.824805 -28.613252 -11.198271 -29.986718 -9.824805 -31.360184 
8 -15.675024 21.646988 -17.730268 22.063131 -18.794081 19.684624 -17.113841 18.430033 -16.353487 19.448355 -17.218636 20.094339 -16.985468 20.615662 -15.927231 20.401392 
3 9.797521 -26.132794 7.335538 -24.711367 7.335538 -27.554220 
6 30.936997 -34.077388 28.714432 -35.487998 29.667938 -37.941656 31.127690 -37.374389 30.640426 -36.120510 31.776209 -35.399655 
8 -18.771263 3.453658 -21.058328 3.118748 -22.217696 0.543490 -20.952198 -1.390766 -19.385821 -0.365955 -20.089879 0.710167 -19.772456 1.415246 -18.500050 1.601573 
6 -3.746305 11.230605 -4.279889 12.154799 -5.347056 12.154799 -5.880640 11.230605 -5.347056 10.306411 -4.279889 10.306411 
6 -37.522715 -37.351343 -35.614495 -37.547795 -34.537385 -35.960430 -35.735728 -35.147291 -36.326966 -36.018613 -37.374408 -35.910778 
6 17.425649 -0.435711 16.774149 0.692721 15.471149 0.692721 14.819648 -0.435711 15.471149 -1.564142 16.774149 -1.564142 
8 4.178340 0.580375 3.076297 -0.898635 4.792983 -2.445189 6.149374 -1.195320 5.455987 -0.442839 4.785203 -1.060944 4.453847 -0.762426 4.998846 -0.031003 
16 4.747261 -17.921340 5.361936 -18.262390 6.209184 -18.232984 6.920181 -17.771272 7.291673 -17.009243 7.217463 -16.164739 6.718765 -15.479178 6.071480 -15.205017 5.664341 -16.166259 6.044947 -16.327466 6.202912 -16.544621 6.226419 -16.812122 6.108747 -17.053499 5.883535 -17.199748 5.615165 -17.209063 5.253733 -17.008524 
3 20.188176 -32.534886 18.457526 -31.535695 18.457526 -33.534077 
7 -23.694368 30.447329 -24.429838 31.974549 -26.082425 32.351741 -27.407697 31.294872 -27.407697 29.599786 -26.082425 28.542917 -24.429838 28.920109 
14 -21.425304 -18.926746 -22.052980 -19.310509 -22.497551 -20.077522 -22.522861 -20.963700 -22.122792 -21.754837 -21.394050 -22.259700 -20.662729 -22.339825 -20.533171 -21.157325 -20.964602 -21.110056 -21.197370 -20.948798 -21.325156 -20.696100 -21.317071 -20.413046 -21.175071 -20.168054 -20.804784 -19.941659 
7 24.198962 20.125226 23.539702 21.494195 22.058357 21.832302 20.870410 20.884946 20.870410 19.365506 22.058357 18.418150 23.539702 18.756258 
7 -36.110936 30.628745 -36.525698 31.490008 -37.457660 31.702722 -38.205035 31.106710 -38.205035 30.150781 -37.457660 29.554769 -36.525698 29.767483 
5 -29.451132 -20.162291 -30.248012 -19.065480 -31.537391 -19.484425 -31.537391 -20.840158 -30.248012 -21.259102 
5 -34.902959 -5.027837 -35.952644 -3.583069 -37.651071 -4.134921 -37.651071 -5.920753 -35.952644 -6.472605 
4 23.383037 -35.701498 22.001024 -34.319485 20.619011 -35.701498 22.001024 -37.083512 
14 -25.855292 7.616650 -25.324373 6.523033 -24.001174 5.882545 -22.565663 6.199389 -21.635000 7.337346 -21.609298 8.807183 -22.345545 9.774558 -23.512187 8.886652 -23.084062 8.324128 -23.091974 7.871667 -23.378460 7.521370 -23.820354 7.423835 -24.227675 7.620997 -24.536402 8.256931 
7 14.305694 19.817795 13.791944 20.884606 12.637560 21.148087 11.711815 20.409830 11.711815 19.225759 12.637560 18.487502 13.791944 18.750983 
5 30.587151 3.272658 29.746772 4.429340 28.387011 3.987527 28.387011 2.557789 29.746772 2.115976 
10 -25.888544 26.894591 -27.545876 26.766457 -28.933586 25.307677 -28.988414 23.295025 -27.909980 22.030056 -26.518169 23.216627 -27.141011 23.947201 -27.124429 24.555890 -26.704742 24.997071 -25.747562 25.071074 
6 -3.900572 -8.666661 -4.698127 -7.285254 -6.293239 -7.285254 -7.090794 -8.666661 -6.293239 -10.048068 -4.698127 -10.048068 
16 -15.748802 -32.674837 -16.570756 -33.225884 -17.037091 -34.325386 -16.825703 -35.500838 -16.005514 -36.368976 -14.843955 -36.646738 -13.719758 -36.243559 -13.122949 -35.454205 -14.219324 -34.625265 -14.569186 -35.088002 -14.922528 -35.214723 -15.287613 -35.127421 -15.545404 -34.854560 -15.611844 -34.485108 -15.465272 -34.139528 -14.983425 -33.816493 
3 18.712072 34.823545 15.752541 36.532231 15.752541 33.114859 
8 31.887480 14.335664 32.766776 16.841006 29.913987 18.509644 28.161277 16.515174 29.345187 15.474772 30.240019 16.493033 30.849236 16.136693 30.400318 14.857611 
5 15.135767 -21.263733 14.441787 -20.308551 13.318903 -20.673398 13.318903 -21.854068 14.441787 -22.218915 
7 10.493066 -20.927866 9.764788 -19.415580 8.128361 -19.042077 6.816049 -20.088611 6.816049 -21.767121 8.128361 -22.813655 9.764788 -22.440152 
12 -17.423122 8.131069 -16.571100 8.654618 -16.073336 9.754537 -16.277427 10.944470 -17.113264 11.815657 -18.091051 12.025367 -18.374691 10.702877 -17.802256 10.580105 -17.540444 10.307220 -17.476516 9.934495 -17.632432 9.589964 -18.131240 9.283458 
6 5.408963 22.903894 4.894425 23.795101 3.865348 23.795101 3.350810 22.903894 3.865348 22.012688 4.894425 22.012688 
8 -19.925638 32.197908 -20.298784 33.098761 -21.199637 33.471907 -22.100490 33.098761 -22.473636 32.197908 -22.100490 31.297055 -21.199637 30.923909 -20.298784 31.297055 
4 -14.954690 28.525355 -16.669235 30.239900 -18.383780 28.525355 -16.669235 26.810811 
10 16.551591 -34.579010 14.940231 -34.695764 14.327117 -36.588687 15.850491 -37.868687 17.278678 -37.113444 16.759162 -36.131021 15.992489 -36.536447 15.614955 -36.219228 15.766901 -35.750109 16.631903 -35.687433 
12 15.967804 -8.851131 14.821209 -8.829201 13.936079 -9.908936 14.236082 -11.272490 15.492656 -11.881017 16.524166 -11.379870 16.074859 -10.455062 15.491933 -10.738270 15.133078 -10.564486 15.047402 -10.175079 15.300179 -9.866726 15.948143 -9.879119 
8 -33.163768 20.215596 -33.500300 21.028055 -34.312760 21.364587 -35.125220 21.028055 -35.461752 20.215596 -35.125220 19.403136 -34.312760 19.066604 -33.500300 19.403136 
3 12.106139 36.847194 9.502189 38.350585 9.502189 35.343802 
3 29.586581 20.415611 27.921993 21.376661 27.921993 19.454561 
5 -14.335435 -0.652518 -15.183663 0.514968 -16.556125 0.069028 -16.556125 -1.374064 -15.183663 -1.820004 
4 28.874449 -32.170071 27.664207 -30.959828 26.453965 -32.170071 27.664207 -33.380313 
8 37.122565 -22.585632 35.644403 -22.694966 34.654273 -24.204525 35.142879 -25.603876 36.379784 -25.171990 36.104201 -24.382729 36.385495 -23.953866 37.219206 -23.892200 
3 5.437155 -27.842826 3.760684 -26.874915 3.760684 -28.810737 
8 9.315686 21.277482 8.984222 22.077706 8.183998 22.409170 7.383774 22.077706 7.052310 21.277482 7.383774 20.477258 8.183998 20.145795 8.984222 20.477258 
5 30.908295 -23.160816 30.031646 -21.954211 28.613197 -22.415093 28.613197 -23.906539 30.031646 -24.367421 
8 -21.489120 -9.893921 -19.859516 -8.963424 -19.658979 -6.682705 -21.101202 -5.482111 -22.110942 -6.695069 -21.303497 -7.367235 -21.359347 -8.002420 -22.271699 -8.523370 
5 -23.255740 12.949272 -24.428214 14.563044 -26.325316 13.946638 -26.325316 11.951906 -24.428214 11.335500 
3 -4.859124 -24.234403 -7.555639 -22.677569 -7.555639 -25.791236 
8 -33.671692 1.366117 -34.200785 2.643461 -35.478129 3.172554 -36.755473 2.643461 -37.284566 1.366117 -36.755473 0.088773 -35.478129 -0.440320 -34.200785 0.088773 
16 -34.100104 -18.555911 -34.939946 -17.836643 -36.278819 -17.880717 -37.236762 -18.817128 -37.311259 -20.154653 -36.463230 -21.191652 -35.137533 -21.384137 -34.223011 -20.762582 -34.899692 -19.766949 -35.427401 -20.125606 -35.827412 -20.067527 -36.083293 -19.754626 -36.060815 -19.351047 -35.771768 -19.068497 -35.367782 -19.055198 -34.883166 -19.470240 
8 13.879969 31.384130 13.517526 32.259145 12.642511 32.621588 11.767496 32.259145 11.405053 31.384130 11.767496 30.509115 12.642511 30.146672 13.517526 30.509115 
5 32.723460 -5.347334 31.761678 -4.023554 30.205481 -4.529193 30.205481 -6.165475 31.761678 -6.671114 
5 19.066011 10.634548 18.134870 11.916153 16.628252 11.426624 16.628252 9.842472 18.134870 9.352942 
7 -3.695105 0.487932 -4.098630 1.325862 -5.005344 1.532813 -5.732472 0.952948 -5.732472 0.022916 -5.005344 -0.556949 -4.098630 -0.349997 
3 13.632079 9.360296 11.006939 10.875921 11.006939 7.844671 
16 37.843874 7.357394 36.822891 7.955327 35.398476 7.842770 34.294216 6.935998 33.906718 5.560690 34.375158 4.210804 35.531290 3.371170 36.714252 3.348134 36.744709 4.912189 36.052990 4.925659 35.691970 5.187848 35.545693 5.609370 35.666695 6.038831 36.011517 6.321984 36.456312 6.357132 37.053316 6.007500 
6 -23.708760 -1.763433 -24.233902 -0.853859 -25.284188 -0.853859 -25.809330 -1.763433 -25.284188 -2.673007 -24.233902 -2.673007 
10 -20.130475 16.673907 -20.907417 17.905484 -22.673969 17.599087 -23.064060 15.849111 -21.870838 15.014459 -21.294095 15.838971 -21.935418 16.287573 -21.838405 16.722781 -21.399076 16.798979 -20.981491 16.137042 
3 -27.446556 -24.061663 -29.086635 -23.114763 -29.086635 -25.008563 
12 -21.601078 37.522468 -22.592760 38.082180 -23.963692 37.982892 -25.050874 37.141854 -25.491373 35.839828 -25.198734 34.739340 -23.688439 35.140955 -23.859889 35.785702 -23.721647 36.194316 -23.380458 36.458258 -22.950220 36.489417 -22.369219 36.161496 
6 -7.729781 15.817411 -8.501863 17.154696 -10.046025 17.154696 -10.818107 15.817411 -10.046025 14.480127 -8.501863 14.480127 
4 -35.697574 -15.401759 -36.727044 -14.372288 -37.756515 -15.401759 -36.727044 -16.431229 
8 -10.846330 -18.235641 -12.704092 -19.136331 -12.687836 -21.671925 -10.818677 -22.548721 -10.184581 -21.196950 -11.200802 -20.720255 -11.204979 -20.068855 -10.194953 -19.579170 
5 -35.866615 -9.938481 -36.766738 -8.699569 -38.223166 -9.172791 -38.223166 -10.704171 -36.766738 -11.177393 
8 -28.275216 34.118392 -30.587008 34.666872 -31.438358 31.806799 -29.202946 31.001726 -28.766918 32.212426 -29.858022 32.605382 -29.700658 33.134037 -28.572274 32.866324 
