20
6 -26.125499 -22.713189 -25.748278 -24.710608 -23.779119 -24.206236 -24.032328 -23.217660 -24.947434 -23.452052 -25.122735 -22.523813 
8 -26.515877 -20.176731 -24.777427 -20.862947 -23.442111 -18.965681 -24.674763 -17.560806 -25.536477 -18.316882 -24.898824 -19.043627 -25.195666 -19.465391 -26.094970 -19.110410 
5 19.333152 -33.756415 18.043690 -31.981623 15.957297 -32.659533 15.957297 -34.853297 18.043690 -35.531207 
3 -9.324127 21.263374 -11.803468 22.694822 -11.803468 19.831925 
8 -8.405998 -11.257361 -7.834984 -12.807440 -5.804342 -12.904850 -5.087576 -11.416545 -6.124388 -10.917218 -6.510462 -11.718868 -7.018583 -11.694493 -7.326151 -10.859569 
10 -34.276733 -13.243696 -33.351838 -11.911272 -34.248003 -10.137202 -36.234767 -10.080568 -37.047371 -11.484298 -35.985106 -12.099232 -35.538834 -11.328321 -35.013884 -11.343285 -34.777096 -11.812036 -35.285037 -12.543786 
6 -15.720733 -22.677271 -16.302034 -21.670427 -17.464637 -21.670427 -18.045939 -22.677271 -17.464637 -23.684115 -16.302034 -23.684115 
8 -32.745189 24.117521 -32.184712 25.809246 -33.842220 27.246620 -35.437583 26.452336 -34.887191 25.346842 -34.029084 25.774068 -33.615989 25.415837 -33.917456 24.505899 
4 -9.200595 -22.861501 -10.623307 -21.438789 -12.046019 -22.861501 -10.623307 -24.284213 
10 37.705558 -5.137800 36.567215 -5.264620 35.564098 -6.218812 35.342256 -7.585382 35.879815 -8.596787 37.133996 -7.930193 36.820843 -7.341003 36.889451 -6.918368 37.199682 -6.623268 37.862819 -6.549389 
7 0.778172 -30.279985 0.136736 -28.948027 -1.304560 -28.619061 -2.460389 -29.540804 -2.460389 -31.019165 -1.304560 -31.940908 0.136736 -31.611942 
8 -32.365934 -28.726366 -34.331994 -28.886491 -35.166251 -31.162412 -33.769432 -32.555226 -32.772840 -31.555768 -33.530319 -30.800461 -33.317533 -30.219964 -32.251361 -30.133130 
8 34.015790 -18.528648 33.667881 -17.688723 32.827955 -17.340814 31.988030 -17.688723 31.640121 -18.528648 31.988030 -19.368574 32.827955 -19.716483 33.667881 -19.368574 
8 -0.967791 17.414152 -2.264514 17.555406 -3.237851 16.291790 -2.770311 15.074068 -1.803536 15.445258 -2.062729 16.120335 -1.798809 16.462965 -1.079936 16.384657 
4 3.209023 -20.925742 2.118869 -19.835589 1.028716 -20.925742 2.118869 -22.015895 
10 14.823456 -3.185346 12.911784 -2.928449 11.755439 -5.005054 13.265119 -6.840889 15.099834 -6.245654 14.694066 -4.994943 13.711614 -5.313680 13.340130 -4.861940 13.624669 -4.350954 14.648331 -4.488517 
6 33.177386 21.019573 31.154091 20.798901 30.338502 18.934166 31.781950 18.302838 32.231922 19.331638 33.348203 19.453387 
3 -28.235064 0.091723 -30.992659 1.683822 -30.992659 -1.500375 
6 9.969917 -30.746036 12.337652 -32.401826 13.985323 -30.028435 12.748117 -29.169534 11.962294 -30.301475 10.833050 -29.511780 
6 30.038020 -32.749449 29.437140 -31.708695 28.235382 -31.708695 27.634503 -32.749449 28.235382 -33.790202 29.437140 -33.790202 
