10
4 -40.000000 -41.000000 40.000000 -41.000000 40.000000 -40.000000 -40.000000 -40.000000 
4 -40.000000 40.000000 40.000000 40.000000 40.000000 41.000000 -40.000000 41.000000 
4 -41.000000 -41.000000 -40.000000 -41.000000 -40.000000 41.000000 -41.000000 41.000000 
4 40.000000 -41.000000 41.000000 -41.000000 41.000000 41.000000 40.000000 41.000000 
6 -7.359275 10.634328 -21.500000 -19.667226 -21.500000 -32.000000 -18.500000 -32.000000 -18.500000 -20.332774 -4.640725 9.365672 
6 4.640725 9.365672 18.500000 -20.332774 18.500000 -32.000000 21.500000 -32.000000 21.500000 -19.667226 7.359275 10.634328 
4 -15.000000 4.750000 15.000000 4.750000 15.000000 5.250000 -15.000000 5.250000 
4 -20.000000 -2.250000 20.000000 -2.250000 20.000000 -1.750000 -20.000000 -1.750000 
4 -25.000000 -10.250000 25.000000 -10.250000 25.000000 -9.750000 -25.000000 -9.750000 
4 -30.000000 -25.250000 30.000000 -25.250000 30.000000 -24.750000 -30.000000 -24.750000 
