22
4 -40.000000 -41.000000 40.000000 -41.000000 40.000000 -40.000000 -40.000000 -40.000000 
4 -40.000000 40.000000 40.000000 40.000000 40.000000 41.000000 -40.000000 41.000000 
4 -41.000000 -41.000000 -40.000000 -41.000000 -40.000000 41.000000 -41.000000 41.000000 
4 40.000000 -41.000000 41.000000 -41.000000 41.000000 41.000000 40.000000 41.000000 
4 0.500000 32.000000 0.500000 40.000000 -0.500000 40.000000 -0.500000 32.000000 
4 -0.500000 -32.000000 -0.500000 -40.000000 0.500000 -40.000000 0.500000 -32.000000 
6 -0.757524 -7.448462 2.633271 -7.037954 5.460752 -5.121875 4.899766 -4.294050 2.272718 -6.074303 -0.877712 -6.455711 
6 7.448462 -0.757524 7.037954 2.633271 5.121875 5.460752 4.294050 4.899766 6.074303 2.272718 6.455711 -0.877712 
6 0.757524 7.448462 -2.633271 7.037954 -5.460752 5.121875 -4.899766 4.294050 -2.272718 6.074303 0.877712 6.455711 
6 -7.448462 0.757524 -7.037954 -2.633271 -5.121875 -5.460752 -4.294050 -4.899766 -6.074303 -2.272718 -6.455711 0.877712 
6 12.864440 -11.830544 17.357008 -2.417174 15.607354 7.865501 14.621523 7.697757 16.318014 -2.272482 11.961953 -11.399828 
6 11.830544 12.864440 2.417174 17.357008 -7.865501 15.607354 -7.697757 14.621523 2.272482 16.318014 11.399828 11.961953 
6 -12.864440 11.830544 -17.357008 2.417174 -15.607354 -7.865501 -14.621523 -7.697757 -16.318014 2.272482 -11.961953 11.399828 
6 -11.830544 -12.864440 -2.417174 -17.357008 7.865501 -15.607354 7.697757 -14.621523 -2.272482 -16.318014 -11.399828 -11.961953 
6 27.003936 -5.049877 24.329795 12.882973 11.000176 25.173596 10.322302 24.438418 23.392730 12.386784 26.014872 -5.197366 
6 5.049877 27.003936 -12.882973 24.329795 -25.173596 11.000176 -24.438418 10.322302 -12.386784 23.392730 5.197366 26.014872 
6 -27.003936 5.049877 -24.329795 -12.882973 -11.000176 -25.173596 -10.322302 -24.438418 -23.392730 -12.386784 -26.014872 5.197366 
6 -5.049877 -27.003936 12.882973 -24.329795 25.173596 -11.000176 24.438418 -10.322302 12.386784 -23.392730 -5.197366 -26.014872 
6 31.534564 20.236110 10.831069 35.936737 -15.100334 34.291526 -15.037016 33.293533 10.523183 34.915193 30.930311 19.439317 
6 -20.236110 31.534564 -35.936737 10.831069 -34.291526 -15.100334 -33.293533 -15.037016 -34.915193 10.523183 -19.439317 30.930311 
6 -31.534564 -20.236110 -10.831069 -35.936737 15.100334 -34.291526 15.037016 -33.293533 -10.523183 -34.915193 -30.930311 -19.439317 
6 20.236110 -31.534564 35.936737 -10.831069 34.291526 15.100334 33.293533 15.037016 34.915193 -10.523183 19.439317 -30.930311 
