60
6 37.939153 -26.705525 37.084937 -25.225979 35.376505 -25.225979 34.522289 -26.705525 35.376505 -28.185071 37.084937 -28.185071 
16 -11.865820 36.240841 -12.514102 35.188342 -12.370367 33.701161 -11.357663 32.602617 -9.887060 32.338623 -8.555493 33.016337 -7.903461 34.360667 -8.145186 35.572935 -9.650838 35.272710 -9.510009 34.566437 -9.711712 34.150574 -10.123628 33.940925 -10.578554 34.022591 -10.891830 34.362422 -10.936294 34.822476 -10.558602 35.435666 
12 31.431692 12.363525 32.507022 12.464750 33.550417 13.244800 34.034502 14.454268 33.817450 15.738806 33.108919 16.554014 31.913318 15.514868 32.329714 15.035778 32.398373 14.629448 32.245245 14.246864 31.915194 14.000115 31.283233 13.940626 
8 -12.495156 -19.889794 -15.471604 -20.217994 -15.962304 -23.901598 -13.175567 -24.997524 -12.500925 -23.282034 -13.944484 -22.714334 -13.834949 -21.892078 -12.293119 -21.722067 
14 -27.148340 35.127909 -26.310469 33.348551 -24.044653 32.596546 -21.938000 33.719686 -21.299538 36.020077 -22.525994 38.068306 -24.444915 38.499447 -24.874895 36.585696 -23.776691 36.338953 -23.414514 35.734103 -23.603054 35.054789 -24.225157 34.723121 -24.894261 34.945191 -25.373777 35.963523 
5 30.521990 -2.395335 29.571621 -1.087264 28.033891 -1.586903 28.033891 -3.203768 29.571621 -3.703406 
4 -11.433437 -33.407338 -12.632832 -32.207943 -13.832226 -33.407338 -12.632832 -34.606732 
7 20.639364 -10.178592 19.920478 -8.685811 18.305157 -8.317124 17.009771 -9.350161 17.009771 -11.007023 18.305157 -12.040059 19.920478 -11.671373 
6 5.657444 5.550368 6.935378 7.553352 5.229584 9.207235 4.240622 8.187232 5.114169 7.340268 4.459731 6.314527 
4 37.533861 -31.872139 36.491499 -30.829777 35.449137 -31.872139 36.491499 -32.914501 
10 29.891429 -28.337269 30.843253 -27.698366 31.224447 -26.364384 30.654984 -25.099264 29.621020 -24.604204 29.051917 -25.792813 29.651132 -26.079716 29.824901 -26.465762 29.708582 -26.872820 29.156969 -27.243085 
6 8.188796 -21.057191 9.712184 -23.778020 11.970685 -21.627952 11.003804 -20.612309 10.053404 -21.517080 9.412347 -20.372127 
5 6.417220 -17.827483 5.356373 -16.367353 3.639887 -16.925073 3.639887 -18.729893 5.356373 -19.287613 
16 -7.349688 -11.550695 -7.415136 -10.798450 -7.899527 -10.028590 -8.682297 -9.565350 -9.590256 -9.511225 -10.422517 -9.878188 -10.994938 -10.585050 -11.149292 -11.324192 -9.899394 -11.585206 -9.808199 -11.148508 -9.624664 -10.921867 -9.357817 -10.804208 -9.066699 -10.821562 -8.815720 -10.970090 -8.660411 -11.216930 -8.621742 -11.661370 
6 -34.737654 9.904827 -37.832722 10.645940 -37.612374 7.471016 -36.227966 7.567097 -36.317429 8.856136 -35.060812 8.555240 
14 -11.093094 18.372646 -10.251883 17.393832 -8.718950 17.100099 -7.336112 17.823923 -6.703893 19.250969 -7.096847 20.761515 -8.128372 21.537188 -9.059012 20.299580 -8.459392 19.848686 -8.338537 19.384110 -8.532979 18.945216 -8.958277 18.722600 -9.429738 18.812939 -9.918729 19.381918 
7 -32.948007 -18.181427 -33.667563 -16.687253 -35.284392 -16.318223 -36.580988 -17.352223 -36.580988 -19.010631 -35.284392 -20.044632 -33.667563 -19.675601 
5 -16.621492 9.396052 -17.382965 10.444130 -18.615054 10.043800 -18.615054 8.748305 -17.382965 8.347975 
8 -4.530804 28.484942 -5.106798 29.875515 -6.497371 30.451509 -7.887945 29.875515 -8.463939 28.484942 -7.887945 27.094369 -6.497371 26.518375 -5.106798 27.094369 
8 12.443243 31.168372 11.980694 32.285065 10.864000 32.747615 9.747306 32.285065 9.284757 31.168372 9.747306 30.051678 10.864000 29.589129 11.980694 30.051678 
4 16.724597 31.012524 15.439313 32.297808 14.154029 31.012524 15.439313 29.727240 
4 16.921205 0.636388 15.791928 1.765666 14.662651 0.636388 15.791928 -0.492889 
3 -22.850827 -2.009905 -25.675301 -0.379194 -25.675301 -3.640616 
6 -33.017339 35.044722 -34.325637 30.554084 -29.674076 31.044442 -29.877920 32.978124 -31.648564 32.791467 -31.150553 34.500855 
14 -36.814540 -10.898595 -36.087043 -10.866583 -35.357083 -10.378180 -34.986626 -9.581850 -35.083281 -8.708902 -35.618971 -8.012901 -36.298122 -7.750165 -36.685144 -8.750585 -36.285938 -8.905021 -36.116405 -9.125289 -36.085816 -9.401556 -36.203056 -9.653576 -36.434072 -9.808144 -36.861695 -9.826961 
6 7.990855 36.384403 7.121989 37.889325 5.384255 37.889325 4.515388 36.384403 5.384255 34.879481 7.121989 34.879481 
12 13.515321 -24.084899 13.763885 -25.406952 14.966816 -26.500814 16.586005 -26.648470 17.966951 -25.790236 18.450547 -24.534950 16.888119 -23.933029 16.606337 -24.664462 16.178999 -24.930045 15.677936 -24.884352 15.305685 -24.545853 15.160851 -23.775517 
10 18.386272 21.085472 18.088356 22.479166 16.767384 23.585703 15.045209 23.644930 13.892397 22.806980 14.910664 21.406098 15.581358 21.893609 16.112185 21.875353 16.519350 21.534284 16.692674 20.723448 
16 -28.535056 20.583180 -27.893673 21.321115 -27.699558 22.484347 -28.142252 23.577422 -29.091106 24.277753 -30.266099 24.378660 -31.320467 23.850365 -31.836617 23.019999 -30.623279 22.265795 -30.319991 22.753715 -29.986606 22.920759 -29.615080 22.888853 -29.315058 22.667412 -29.175081 22.321788 -29.236459 21.953981 -29.613333 21.520374 
12 -22.134393 1.516751 -20.558241 2.308124 -19.874851 4.334980 -20.815003 6.256250 -22.834757 6.960354 -24.426781 6.201415 -23.641330 4.553774 -22.726846 4.989720 -22.124606 4.779775 -21.844277 4.206900 -22.048046 3.602543 -22.953413 3.147966 
5 -10.420569 5.301253 -11.768679 7.156766 -13.949965 6.448023 -13.949965 4.154483 -11.768679 3.445740 
5 9.224476 26.048060 8.055584 27.656901 6.164278 27.042379 6.164278 25.053742 8.055584 24.439219 
6 -21.375000 -21.424498 -19.437245 -22.302595 -18.583813 -20.353851 -19.593762 -19.911555 -19.999248 -20.837449 -20.919921 -20.420245 
3 15.803863 -34.326384 14.235650 -33.420976 14.235650 -35.231792 
14 29.099912 -8.098584 28.790314 -8.946662 29.031944 -10.009016 29.811452 -10.770165 30.879262 -10.986412 31.893493 -10.588520 32.420461 -9.855451 31.392777 -9.116697 31.083718 -9.546631 30.764573 -9.671834 30.428569 -9.603789 30.183284 -9.364280 30.107251 -9.029993 30.288826 -8.532609 
10 27.005601 22.085382 27.012499 21.136478 27.761472 20.265821 28.895781 20.085966 29.706799 20.578629 29.141914 21.508538 28.671994 21.223080 28.326038 21.277934 28.097607 21.543478 28.093610 22.093292 
14 20.169704 -22.018037 20.502372 -20.732975 19.737961 -19.317750 18.214725 -18.801089 16.747058 -19.459222 16.119643 -20.940281 16.572123 -22.188205 17.917463 -21.700403 17.656586 -20.980914 17.845487 -20.535001 18.287368 -20.336852 18.745979 -20.492407 18.976126 -20.918499 18.784327 -21.659400 
8 -33.128771 -28.947745 -35.515436 -27.844050 -37.787794 -30.161245 -36.637681 -32.525892 -35.066601 -31.761752 -35.677897 -30.504920 -35.130606 -29.946830 -33.862070 -30.533455 
6 -3.733430 -3.943196 -4.246762 -3.054079 -5.273427 -3.054079 -5.786759 -3.943196 -5.273427 -4.832314 -4.246762 -4.832314 
8 31.918456 -14.906643 30.501445 -15.211851 29.555428 -16.694171 29.875400 -18.107922 31.319743 -17.781026 31.136176 -16.969959 31.417331 -16.529415 32.230268 -16.354317 
14 30.421078 -34.844976 30.248066 -36.342171 31.352948 -37.797293 33.157567 -38.082767 34.657634 -37.039722 35.018348 -35.248624 34.210446 -33.976295 32.866912 -34.829410 33.331852 -35.561625 33.223769 -36.098305 32.774292 -36.410840 32.233560 -36.325302 31.902496 -35.889292 32.002063 -35.027670 
10 5.228579 19.601902 5.811915 18.675382 7.114870 18.413524 8.202482 19.177306 8.363920 20.260199 7.284349 20.421142 7.191961 19.801423 6.870818 19.575899 6.486089 19.653218 6.152258 20.183448 
8 16.887284 7.202437 17.640521 9.191980 15.960013 11.183219 13.872182 10.775039 14.184367 9.178219 15.333488 9.402877 15.780210 8.873554 15.365636 7.778530 
10 -12.919763 25.829256 -13.329943 24.640378 -12.393524 23.423115 -10.861824 23.534954 -10.247919 24.632587 -11.149453 25.136814 -11.491828 24.524665 -11.913965 24.493842 -12.172043 24.829320 -11.943286 25.492357 
5 -28.092613 -22.850597 -29.426261 -21.014989 -31.584148 -21.716129 -31.584148 -23.985065 -29.426261 -24.686205 
4 11.219185 -33.679801 9.337692 -31.798308 7.456199 -33.679801 9.337692 -35.561294 
8 -3.358522 33.651539 -3.803175 34.725026 -4.876661 35.169678 -5.950147 34.725026 -6.394799 33.651539 -5.950147 32.578053 -4.876661 32.133401 -3.803175 32.578053 
12 28.458369 -31.023402 27.615724 -31.204755 26.927853 -31.986862 26.840521 -33.024759 27.388028 -33.910814 28.188520 -34.230426 28.592234 -33.219292 28.125381 -33.032892 27.955559 -32.758062 27.982647 -32.436135 28.196006 -32.193546 28.687443 -32.087780 
3 -31.852415 19.876998 -34.208893 21.237511 -34.208893 18.516484 
6 -23.367866 24.807371 -21.103387 23.527900 -20.361404 26.020764 -21.498964 26.359351 -21.816108 25.293832 -22.784009 25.840713 
8 -12.907279 29.628978 -13.448920 30.936614 -14.756555 31.478254 -16.064191 30.936614 -16.605831 29.628978 -16.064191 28.321342 -14.756555 27.779702 -13.448920 28.321342 
4 -4.716005 -26.489562 -5.921689 -25.283879 -7.127373 -26.489562 -5.921689 -27.695246 
14 -13.865857 -27.683587 -14.320935 -26.764739 -15.354524 -26.086345 -16.589270 -26.023678 -17.686232 -26.593940 -18.344291 -27.640592 -18.376238 -28.665461 -16.822585 -28.713890 -16.803785 -28.110751 -16.594889 -27.778499 -16.246667 -27.597474 -15.854706 -27.617367 -15.526602 -27.832718 -15.258786 -28.373464 
8 24.154677 -34.042234 23.828016 -33.253605 23.039387 -32.926944 22.250758 -33.253605 21.924097 -34.042234 22.250758 -34.830863 23.039387 -35.157524 23.828016 -34.830863 
6 -24.137720 16.471296 -25.006402 17.975897 -26.743766 17.975897 -27.612448 16.471296 -26.743766 14.966695 -25.006402 14.966695 
4 -5.761096 -32.009893 -6.954223 -30.816766 -8.147350 -32.009893 -6.954223 -33.203020 
8 -34.694651 36.833629 -35.064811 37.727275 -35.958457 38.097436 -36.852103 37.727275 -37.222263 36.833629 -36.852103 35.939983 -35.958457 35.569823 -35.064811 35.939983 
10 -8.070653 -21.161108 -6.578273 -21.576000 -5.306787 -20.162816 -6.005938 -18.395062 -7.549339 -18.263738 -7.645686 -19.396060 -6.803775 -19.467697 -6.622480 -19.926088 -6.952186 -20.292537 -7.766265 -20.066217 
4 -21.118974 -23.843829 -22.981189 -21.981614 -24.843404 -23.843829 -22.981189 -25.706044 
3 5.761904 -1.116539 3.554407 0.157960 3.554407 -2.391038 
