29
4 -7.000000 2.750000 7.000000 2.750000 7.000000 3.250000 -7.000000 3.250000 
4 -10.000000 -6.250000 10.000000 -6.250000 10.000000 -5.750000 -10.000000 -5.750000 
12 -29.425320 14.435705 -30.508474 14.268335 -31.390584 13.278245 -31.441073 11.953161 -30.636862 10.898817 -29.569585 10.649509 -29.278241 11.896745 -29.897506 12.041400 -30.143673 12.364133 -30.128219 12.769738 -29.858207 13.072803 -29.229729 13.169916 
14 -31.006692 1.444433 -29.741795 1.678066 -28.782246 2.905054 -28.876840 4.459816 -29.978065 5.561423 -31.532794 5.656556 -32.546312 4.864515 -31.664496 3.736119 -31.078584 4.193997 -30.607207 4.165154 -30.273328 3.831159 -30.244648 3.359772 -30.535572 2.987763 -31.266807 2.852700 
7 1.199748 -18.314853 0.476435 -16.812878 -1.148834 -16.441921 -2.452199 -17.481320 -2.452199 -19.148386 -1.148834 -20.187785 0.476435 -19.816827 
14 -12.861020 33.443863 -11.855334 34.652478 -11.841828 36.554612 -13.037624 38.033926 -14.900332 38.419432 -16.585066 37.536272 -17.198883 36.088729 -15.500481 35.368539 -15.144225 36.208686 -14.628149 36.479219 -14.057556 36.361129 -13.691254 35.907978 -13.695391 35.325307 -14.279086 34.623834 
10 20.691995 9.700505 22.166322 10.524232 22.876425 12.441086 22.172163 14.360093 20.700351 15.188306 19.755191 13.508669 20.607684 13.028957 20.822281 12.444213 20.605905 11.860126 19.751954 11.383012 
7 20.912496 3.070487 20.473273 3.982541 19.486350 4.207800 18.694898 3.576639 18.694898 2.564334 19.486350 1.933173 20.473273 2.158432 
16 -4.289227 11.505022 -2.901421 12.234731 -2.149768 13.975982 -2.658748 15.802967 -4.202443 16.904756 -6.095665 16.792305 -7.498083 15.515528 -7.737118 13.965902 -5.898622 13.682307 -5.759779 14.582405 -5.329314 14.974305 -4.748200 15.008821 -4.274371 14.670633 -4.118142 14.109850 -4.348858 13.575382 -5.154963 13.151532 
8 14.388815 29.475661 14.069650 30.246194 13.299116 30.565360 12.528583 30.246194 12.209418 29.475661 12.528583 28.705128 13.299116 28.385962 14.069650 28.705128 
12 26.300454 4.737570 24.806185 3.679242 24.875411 1.444482 26.776456 0.267634 28.807626 1.202136 29.088634 3.011538 27.598905 3.242899 27.442124 2.233388 26.881717 1.975555 26.357212 2.300252 26.338113 2.916830 27.171804 3.507298 
6 -30.098042 -19.515320 -30.898969 -18.128074 -32.500823 -18.128074 -33.301750 -19.515320 -32.500823 -20.902567 -30.898969 -20.902567 
7 28.144625 33.151213 27.413399 34.669619 25.770350 35.044634 24.452727 33.993865 24.452727 32.308561 25.770350 31.257792 27.413399 31.632807 
5 19.559609 8.464953 18.341795 10.141129 16.371332 9.500887 16.371332 7.429019 18.341795 6.788777 
16 -15.211865 19.417835 -14.714727 20.174428 -14.635793 21.262724 -15.097129 22.251556 -15.981800 22.890287 -17.065570 23.017018 -18.073739 22.599628 -18.635454 21.889659 -17.514761 21.002985 -17.183673 21.421457 -16.862362 21.554482 -16.516956 21.514092 -16.235005 21.310524 -16.087974 20.995376 -16.113131 20.648528 -16.406156 20.202575 
16 11.430465 -30.579726 10.427567 -30.266931 9.253522 -30.754430 8.664990 -31.881225 8.935664 -33.123309 9.939668 -33.903060 11.210099 -33.857861 11.991915 -33.156143 11.179075 -32.250522 10.725733 -32.657419 10.337500 -32.671231 10.030685 -32.432946 9.947970 -32.053376 10.127820 -31.709037 10.486598 -31.560062 11.068136 -31.741439 
5 12.222502 12.246999 11.464096 13.290855 10.236970 12.892138 10.236970 11.601861 11.464096 11.203143 
8 -32.193550 -25.081299 -35.318614 -24.796986 -36.011878 -28.668188 -32.982364 -29.486053 -32.530578 -27.812559 -34.025400 -27.409008 -33.892571 -26.667289 -32.350603 -26.807575 
4 -11.152010 -30.213344 -12.596191 -28.769164 -14.040371 -30.213344 -12.596191 -31.657525 
6 34.316307 34.785932 33.926867 37.164957 31.525808 37.380227 31.392368 35.891881 32.639362 35.780080 32.841619 34.544529 
14 -17.981924 6.552727 -19.085568 6.742816 -20.352689 6.276688 -21.217538 5.239912 -21.448843 3.909735 -20.984748 2.641868 -20.125928 1.923125 -19.021787 3.242453 -19.527473 3.665660 -19.674995 4.068676 -19.601470 4.491498 -19.326561 4.821058 -18.923782 4.969226 -18.273941 4.857298 
4 -33.993856 -10.794510 -35.316076 -9.472290 -36.638296 -10.794510 -35.316076 -12.116730 
10 26.059056 27.005424 27.495264 26.675387 29.092779 27.466713 29.827983 29.090821 29.448123 30.514662 27.774857 30.068259 27.995351 29.241775 27.770073 28.744124 27.280571 28.501649 26.446908 28.693223 
10 -29.396599 22.548138 -29.898922 21.668104 -29.742570 20.453392 -28.885872 19.578156 -27.883856 19.427312 -27.696011 20.675114 -28.279886 20.763011 -28.545015 21.033877 -28.593402 21.409803 -28.300698 21.922599 
8 16.225429 -30.641350 15.808208 -29.634091 14.800949 -29.216870 13.793690 -29.634091 13.376470 -30.641350 13.793690 -31.648609 14.800949 -32.065829 15.808208 -31.648609 
4 -23.019030 26.161514 -24.930354 28.072838 -26.841678 26.161514 -24.930354 24.250190 
16 26.208555 -31.343838 26.238212 -32.554458 27.077341 -33.751369 28.438909 -34.283218 29.867146 -33.971975 30.883963 -32.921824 31.148990 -31.484294 30.672239 -30.371106 29.146634 -31.024484 29.425931 -31.676627 29.342772 -32.127685 29.023723 -32.457194 28.575581 -32.554853 28.148358 -32.387973 27.885062 -32.012415 27.867688 -31.303194 
3 31.802542 -5.138900 29.197694 -3.634990 29.197694 -6.642810 
7 -28.589387 32.884464 -29.111463 33.968567 -30.284559 34.236318 -31.225308 33.486096 -31.225308 32.282832 -30.284559 31.532609 -29.111463 31.800361 
