49
4 -7.000000 2.750000 7.000000 2.750000 7.000000 3.250000 -7.000000 3.250000 
4 -10.000000 -6.250000 10.000000 -6.250000 10.000000 -5.750000 -10.000000 -5.750000 
10 -24.090697 -4.180652 -25.039392 -5.394972 -24.625046 -7.223576 -22.946595 -8.059207 -21.542140 -7.425093 -22.121467 -6.141983 -22.917122 -6.501223 -23.399637 -6.260999 -23.518752 -5.735319 -22.981295 -5.047379 
6 -0.865333 15.063567 -2.904313 12.248096 0.369224 11.078366 0.885339 12.522735 -0.462765 13.004452 0.376925 14.163916 
8 22.053778 29.412279 20.554721 27.117177 22.815424 24.580764 25.267159 25.807001 24.499949 27.340960 23.222315 26.701951 22.708558 27.278366 23.489737 28.474374 
12 -4.090899 15.574815 -2.179309 16.815612 -1.985407 19.585451 -4.081068 21.406937 -6.796888 20.829074 -7.759294 18.763274 -5.950141 17.920434 -5.408036 19.084060 -4.639177 19.247656 -4.045887 18.731986 -4.100781 17.947834 -5.177544 17.248916 
4 -8.001406 14.653851 -9.993056 16.645501 -11.984706 14.653851 -9.993056 12.662202 
7 19.728523 4.670511 19.294138 5.572522 18.318082 5.795300 17.535346 5.171089 17.535346 4.169932 18.318082 3.545721 19.294138 3.768500 
6 29.994601 3.980621 29.073739 5.575600 27.232016 5.575600 26.311154 3.980621 27.232016 2.385642 29.073739 2.385642 
12 -27.355186 -16.727203 -26.441914 -16.444328 -25.750683 -15.518880 -25.736106 -14.363873 -26.403763 -13.421275 -27.309605 -13.115443 -27.701089 -14.274974 -27.172378 -14.453479 -26.964868 -14.746442 -26.969398 -15.105423 -27.184236 -15.393056 -27.717283 -15.558161 
16 -20.796887 7.930765 -20.277382 7.148034 -19.180543 6.846998 -18.155940 7.340827 -17.708104 8.386352 -18.057558 9.468739 -19.032224 10.055002 -19.957244 9.891012 -19.772791 8.850570 -19.237606 8.945450 -18.941475 8.767326 -18.835301 8.438467 -18.971366 8.120807 -19.282669 7.970767 -19.615920 8.062231 -19.916488 8.515093 
6 -27.756401 -7.157464 -28.613276 -5.673313 -30.327026 -5.673313 -31.183902 -7.157464 -30.327026 -8.641616 -28.613276 -8.641616 
14 35.417823 -19.485098 35.864499 -18.109071 34.952751 -16.605143 33.218478 -16.312942 31.864273 -17.435089 31.829180 -19.193456 32.905424 -20.160239 33.816028 -19.146535 33.204003 -18.596757 33.214193 -18.086168 33.607423 -17.760322 34.111016 -17.845170 34.375767 -18.281876 34.121757 -19.064379 
6 -35.374492 13.580618 -33.101055 15.727683 -35.766970 17.362094 -36.496246 16.172560 -35.384096 15.490727 -36.332514 14.595028 
3 -22.393313 34.847939 -24.129431 35.850288 -24.129431 33.845591 
8 -20.569785 28.104049 -21.200261 30.513572 -24.236689 30.938748 -25.504728 28.795064 -24.018570 27.915967 -23.336436 29.069149 -22.579403 28.963145 -22.240242 27.666957 
8 -27.531168 12.753758 -27.870895 13.573932 -28.691070 13.913660 -29.511245 13.573932 -29.850972 12.753758 -29.511245 11.933583 -28.691070 11.593856 -27.870895 11.933583 
4 -24.857087 -21.064433 -26.230627 -19.690893 -27.604167 -21.064433 -26.230627 -22.437973 
12 17.885537 9.831292 17.623694 11.248253 16.155175 12.198729 14.455712 11.784268 13.589645 10.264439 14.009532 8.886021 15.378631 9.303070 15.138431 10.091606 15.393897 10.539914 15.895192 10.662168 16.328365 10.381804 16.478154 9.571219 
3 31.897754 -14.041607 30.007474 -12.950253 30.007474 -15.132961 
10 -30.848473 -21.383736 -29.543751 -20.724642 -28.928288 -19.063794 -29.607028 -17.427787 -30.936081 -16.819244 -31.592475 -18.252805 -30.826177 -18.603675 -30.621799 -19.096299 -30.807123 -19.596402 -31.559393 -19.976418 
16 -29.077406 28.675047 -28.459171 29.048619 -27.981893 29.775692 -27.865246 30.637563 -28.132089 31.465346 -28.730132 32.096831 -29.542186 32.408275 -30.262205 32.350450 -30.158230 31.055801 -29.732049 31.090028 -29.470466 30.989704 -29.277821 30.786287 -29.191865 30.519638 -29.229439 30.242007 -29.383183 30.007799 -29.749118 29.786681 
3 -33.625106 -20.612566 -35.801333 -19.356120 -35.801333 -21.869011 
10 -34.415848 -26.985283 -35.287175 -26.864650 -36.206136 -27.400212 -36.598567 -28.388804 -36.349259 -29.232373 -35.327708 -28.930464 -35.472720 -28.439797 -35.351831 -28.135262 -35.068746 -27.970282 -34.561933 -28.040449 
4 38.409533 -36.578247 37.245217 -35.413930 36.080901 -36.578247 37.245217 -37.742563 
10 -26.069684 4.379268 -25.194177 5.062785 -25.082087 6.406957 -25.993120 7.401633 -27.103833 7.406664 -27.108764 6.318028 -26.474271 6.315154 -26.206544 6.022846 -26.239484 5.627831 -26.739616 5.237373 
6 32.401929 19.379308 34.548113 18.814567 35.644962 20.743805 34.441994 21.427740 33.871110 20.423617 32.754071 20.717551 
7 -0.440874 -14.974651 -1.106931 -13.591568 -2.603548 -13.249975 -3.803741 -14.207098 -3.803741 -15.742203 -2.603548 -16.699326 -1.106931 -16.357733 
8 36.547972 -10.085989 34.325239 -8.943127 32.406103 -11.392109 34.047232 -13.277147 35.164646 -12.304318 34.327268 -11.342486 34.736366 -10.820441 35.870505 -11.403582 
14 -17.287005 27.382895 -16.788421 26.792138 -15.887475 26.547881 -15.007540 26.859458 -14.461053 27.616238 -14.442052 28.549514 -14.868731 29.194127 -15.726008 28.626682 -15.476435 28.249636 -15.482373 27.957969 -15.653161 27.721461 -15.928157 27.624087 -16.209720 27.700422 -16.501352 28.045968 
12 25.047374 30.675967 25.527393 32.240794 24.735855 34.057085 22.952850 34.920991 21.036868 34.416555 20.106277 33.070040 21.638404 32.011171 22.177294 32.790916 22.760776 32.944534 23.303762 32.681445 23.544813 32.128322 23.266841 31.222156 
8 29.205370 -35.940197 28.802253 -34.966987 27.829043 -34.563870 26.855833 -34.966987 26.452716 -35.940197 26.855833 -36.913407 27.829043 -37.316524 28.802253 -36.913407 
7 18.688046 34.601794 18.157388 35.703716 16.965012 35.975868 16.008800 35.213314 16.008800 33.990274 16.965012 33.227720 18.157388 33.499873 
7 -35.189998 -12.971533 -35.841979 -11.617682 -37.306965 -11.283308 -38.481793 -12.220202 -38.481793 -13.722864 -37.306965 -14.659758 -35.841979 -14.325384 
6 30.598327 9.411074 31.816372 7.084745 34.309441 7.909392 33.829717 9.359694 32.568047 8.942364 31.951630 10.119651 
6 15.753995 25.803113 15.018798 27.076511 13.548405 27.076511 12.813209 25.803113 13.548405 24.529715 15.018798 24.529715 
4 34.969761 -26.964660 33.207437 -25.202336 31.445112 -26.964660 33.207437 -28.726985 
7 -20.051317 22.010455 -20.673759 23.302969 -22.072373 23.622193 -23.193974 22.727746 -23.193974 21.293164 -22.072373 20.398717 -20.673759 20.717942 
5 35.647091 1.175914 34.680959 2.505681 33.117726 1.997755 33.117726 0.354074 34.680959 -0.153852 
8 7.340487 14.962057 8.375339 16.096343 7.886521 17.907620 6.421509 18.367255 6.049585 17.181809 6.864531 16.926126 6.998314 16.430402 6.422655 15.799430 
4 -33.868350 8.285253 -35.383106 9.800009 -36.897863 8.285253 -35.383106 6.770497 
10 -36.814037 2.266118 -38.198643 1.450069 -38.267570 -0.512487 -36.649896 -1.625818 -35.169785 -0.999448 -35.676658 0.198292 -36.500013 -0.150145 -36.942763 0.154570 -36.923898 0.691713 -36.153671 1.145663 
14 9.110385 -16.452962 8.872020 -15.435934 7.958905 -14.566663 6.718789 -14.339675 5.556972 -14.829156 4.853164 -15.875133 4.840092 -16.919638 6.289123 -16.937772 6.296786 -16.325496 6.517964 -15.996789 6.883075 -15.842965 7.272793 -15.914298 7.559747 -16.187474 7.699474 -16.783643 
6 -22.447688 11.452138 -23.301718 12.931361 -25.009778 12.931361 -25.863808 11.452138 -25.009778 9.972914 -23.301718 9.972914 
3 -18.138023 15.158457 -20.203703 16.351078 -20.203703 13.965836 
6 25.261299 -29.206340 24.344707 -31.508253 26.268683 -33.069426 27.274300 -31.830113 26.261604 -31.008380 26.744057 -29.796755 
10 -19.099823 -35.186239 -18.635369 -36.036585 -17.566465 -36.515215 -16.425834 -36.249499 -15.807552 -35.503488 -16.732047 -34.737281 -17.092211 -35.171850 -17.444934 -35.254019 -17.775476 -35.106010 -18.046032 -34.610663 
16 -9.622187 -21.784828 -8.784073 -21.534387 -8.075492 -20.752788 -7.873713 -19.717284 -8.236989 -18.726823 -9.060443 -18.067349 -10.106345 -17.929250 -10.907633 -18.280099 -10.389207 -19.464105 -9.918147 -19.257848 -9.587031 -19.301568 -9.326339 -19.510347 -9.211332 -19.823911 -9.275212 -20.151735 -9.499537 -20.399176 -9.992247 -20.546405 
5 -25.345935 18.465685 -26.366769 19.870741 -28.018511 19.334057 -28.018511 17.597312 -26.366769 17.060628 
