10
4 -40.000000 -41.000000 40.000000 -41.000000 40.000000 -40.000000 -40.000000 -40.000000 
4 -40.000000 40.000000 40.000000 40.000000 40.000000 41.000000 -40.000000 41.000000 
4 -41.000000 -41.000000 -40.000000 -41.000000 -40.000000 41.000000 -41.000000 41.000000 
4 40.000000 -41.000000 41.000000 -41.000000 41.000000 41.000000 40.000000 41.000000 
4 1.500000 5.000000 1.500000 40.000000 -1.500000 40.000000 -1.500000 5.000000 
4 -1.500000 0.000000 -1.500000 -40.000000 1.500000 -40.000000 1.500000 0.000000 
6 -31.500000 15.000000 -31.500000 -16.500000 -1.500000 -16.500000 -1.500000 -13.500000 -28.500000 -13.500000 -28.500000 15.000000 
6 1.500000 13.500000 23.500000 13.500000 23.500000 -30.000000 26.500000 -30.000000 26.500000 16.500000 1.500000 16.500000 
20 -17.869764 -5.738606 -14.319326 -5.112568 -11.082596 -3.243841 -8.680207 -0.380785 -7.401922 3.131273 -7.401922 6.868727 -8.680207 10.380785 -11.082596 13.243841 -14.319326 15.112568 -17.869764 15.738606 -18.130236 14.261394 -14.840271 13.681285 -12.061652 12.077048 -9.999285 9.619215 -8.901922 6.604237 -8.901922 3.395763 -9.999285 0.380785 -12.061652 -2.077048 -14.840271 -3.681285 -18.130236 -4.261394 
20 17.869764 5.738606 14.319326 5.112568 11.082596 3.243841 8.680207 0.380785 7.401922 -3.131273 7.401922 -6.868727 8.680207 -10.380785 11.082596 -13.243841 14.319326 -15.112568 17.869764 -15.738606 18.130236 -14.261394 14.840271 -13.681285 12.061652 -12.077048 9.999285 -9.619215 8.901922 -6.604237 8.901922 -3.395763 9.999285 -0.380785 12.061652 2.077048 14.840271 3.681285 18.130236 4.261394 
