77
4 -40.000000 -41.000000 40.000000 -41.000000 40.000000 -40.000000 -40.000000 -40.000000 
4 -40.000000 40.000000 40.000000 40.000000 40.000000 41.000000 -40.000000 41.000000 
4 -41.000000 -41.000000 -40.000000 -41.000000 -40.000000 41.000000 -41.000000 41.000000 
4 40.000000 -41.000000 41.000000 -41.000000 41.000000 41.000000 40.000000 41.000000 
10 -8.132685 30.277805 -9.224315 31.890303 -11.598702 31.652289 -12.517607 29.450022 -11.292725 27.936262 -10.148288 28.862300 -10.820844 29.693472 -10.578182 30.275041 -9.951160 30.337895 -9.351770 29.452508 
16 13.527290 -3.016802 13.053423 -1.704955 11.646262 -0.776932 9.963484 -0.874830 8.673429 -1.959766 8.288464 -3.600841 8.961482 -5.146277 10.172658 -5.838048 11.041476 -4.316892 10.335354 -3.913585 10.126788 -3.434661 10.246088 -2.926099 10.645870 -2.589881 11.167356 -2.559543 11.603429 -2.847134 11.879697 -3.611948 
6 25.593931 19.739915 24.828759 21.065230 23.298417 21.065230 22.533246 19.739915 23.298417 18.414599 24.828759 18.414599 
7 26.690562 -7.605753 25.861145 -5.883452 23.997462 -5.458078 22.502905 -6.649948 22.502905 -8.561559 23.997462 -9.753429 25.861145 -9.328055 
3 18.938641 3.928082 17.406812 4.812484 17.406812 3.043680 
6 -11.573609 -21.917994 -14.859819 -22.591918 -12.998208 -25.382573 -11.836472 -24.607594 -12.546585 -23.543096 -11.293057 -23.286027 
6 -15.059900 -16.065630 -10.364879 -14.621439 -12.333891 -10.121227 -14.525875 -11.080303 -13.632044 -13.123169 -15.763344 -13.778758 
12 13.082448 23.681143 14.385747 22.387256 16.606642 22.267623 18.344212 23.655981 18.717625 25.848525 17.743241 27.405223 16.018309 26.325536 16.581382 25.425957 16.468280 24.761864 15.941993 24.341349 15.269313 24.377584 14.516168 25.125291 
14 -2.858426 15.091869 -1.961784 16.904518 -2.856639 19.192107 -5.150616 20.070458 -7.344455 18.965512 -8.004341 16.599422 -6.929679 14.886307 -5.265486 15.930279 -5.878786 16.907939 -5.685362 17.601483 -5.042308 17.925362 -4.369902 17.667902 -4.107604 16.997368 -4.619310 15.962905 
12 -26.040353 -25.613299 -25.102006 -26.391832 -23.639892 -26.149025 -22.866354 -24.884759 -23.315754 -23.472395 -24.436100 -22.991321 -24.890117 -24.048656 -24.252862 -24.322292 -24.122285 -24.732666 -24.347043 -25.100009 -24.771873 -25.170559 -25.305606 -24.727728 
6 29.489543 3.230525 28.243456 5.388811 25.751282 5.388811 24.505194 3.230525 25.751282 1.072239 28.243456 1.072239 
7 34.304084 0.519234 33.501197 2.186446 31.697126 2.598213 30.250374 1.444467 30.250374 -0.405999 31.697126 -1.559745 33.501197 -1.147978 
8 -2.428848 29.155963 -0.967495 31.600019 -3.857058 33.693927 -5.724572 31.544194 -4.535721 30.511417 -3.613700 31.572775 -3.058972 31.170793 -3.780465 29.964124 
5 -19.453274 -11.309559 -21.168597 -8.948620 -23.944047 -9.850419 -23.944047 -12.768700 -21.168597 -13.670499 
4 9.042857 -29.038466 7.881059 -27.876667 6.719261 -29.038466 7.881059 -30.200264 
6 -16.270404 7.320790 -16.929723 8.462764 -18.248361 8.462764 -18.907680 7.320790 -18.248361 6.178816 -16.929723 6.178816 
6 19.474571 10.775112 19.675786 12.723270 17.733831 12.977464 17.598721 11.945271 18.536221 11.822556 18.439082 10.882063 
5 10.307106 29.192354 9.294996 30.585404 7.657367 30.053306 7.657367 28.331401 9.294996 27.799304 
7 -25.235008 35.755324 -25.864554 37.062590 -27.279132 37.385458 -28.413535 36.480802 -28.413535 35.029846 -27.279132 34.125190 -25.864554 34.448058 
7 -31.277732 -25.272631 -32.154168 -23.452695 -34.123500 -23.003208 -35.702781 -24.262643 -35.702781 -26.282620 -34.123500 -27.542055 -32.154168 -27.092567 
12 2.762642 -10.776576 1.888340 -9.845772 0.338427 -9.831213 -0.743786 -10.940834 -0.690473 -12.489899 0.261903 -13.340652 1.113420 -12.387419 0.568170 -11.900350 0.552411 -11.442457 0.872305 -11.114460 1.330449 -11.118764 1.831001 -11.651664 
6 -23.535621 20.070582 -24.448121 21.651079 -26.273122 21.651079 -27.185623 20.070582 -26.273122 18.490084 -24.448121 18.490084 
6 18.444891 18.033023 17.485446 19.694829 15.566557 19.694829 14.607113 18.033023 15.566557 16.371216 17.485446 16.371216 
5 24.465411 8.291329 23.097613 10.173941 20.884470 9.454847 20.884470 7.127810 23.097613 6.408716 
3 8.566473 9.087670 6.033166 10.550276 6.033166 7.625065 
3 33.744361 -31.865716 30.047069 -29.731084 30.047069 -34.000349 
8 -15.541469 -0.270711 -16.632900 -0.474103 -17.270270 -1.665608 -16.833681 -2.686382 -15.910610 -2.291581 -16.157618 -1.714061 -15.975040 -1.372748 -15.357545 -1.257675 
8 -17.303625 30.232613 -17.945373 31.781929 -19.494689 32.423676 -21.044005 31.781929 -21.685752 30.232613 -21.044005 28.683297 -19.494689 28.041549 -17.945373 28.683297 
3 25.919161 -20.277837 23.604816 -18.941650 23.604816 -21.614025 
16 20.503198 -10.721410 19.011120 -10.495481 17.407038 -11.363634 16.649388 -13.022771 17.043828 -14.803554 18.431228 -15.987567 20.251877 -16.097150 21.508991 -15.262281 20.468807 -13.696012 19.736264 -14.182506 19.172768 -14.148590 18.743363 -13.782134 18.621283 -13.230977 18.855778 -12.717469 19.352246 -12.448774 20.221708 -12.580427 
3 6.592585 -3.433922 3.786862 -1.814038 3.786862 -5.053807 
8 21.012233 35.065585 19.025189 37.267604 15.520339 36.284185 14.968871 33.369890 17.105202 32.965635 17.405966 34.555059 18.314326 34.809934 19.398038 33.608977 
8 -34.358905 -0.191447 -34.939644 1.210580 -36.341671 1.791318 -37.743698 1.210580 -38.324436 -0.191447 -37.743698 -1.593474 -36.341671 -2.174213 -34.939644 -1.593474 
7 -8.750489 -31.781530 -9.365955 -30.503500 -10.748897 -30.187853 -11.857929 -31.072277 -11.857929 -32.490783 -10.748897 -33.375207 -9.365955 -33.059560 
3 11.121793 20.007574 8.637608 21.441819 8.637608 18.573330 
6 -26.524801 -7.367501 -27.661052 -5.399456 -29.933555 -5.399456 -31.069806 -7.367501 -29.933555 -9.335546 -27.661052 -9.335546 
4 1.499822 36.119162 -0.112046 37.731029 -1.723913 36.119162 -0.112046 34.507295 
6 27.892023 -28.781672 26.674365 -26.672627 24.239050 -26.672627 23.021393 -28.781672 24.239050 -30.890717 26.674365 -30.890717 
16 -26.330354 10.566231 -27.468101 11.481420 -29.207759 11.750675 -30.848813 11.113608 -31.951123 9.741085 -32.219046 8.001221 -31.580723 6.360656 -30.441576 5.447210 -29.040431 7.194562 -29.711137 7.732380 -29.914010 8.253788 -29.828858 8.806755 -29.478520 9.242973 -28.956957 9.445446 -28.404056 9.359871 -27.734174 8.821027 
6 14.770320 -12.708064 14.076305 -11.505994 12.688273 -11.505994 11.994258 -12.708064 12.688273 -13.910135 14.076305 -13.910135 
4 11.509288 34.690264 10.350336 35.849215 9.191385 34.690264 10.350336 33.531312 
3 -0.350021 2.577531 -3.224977 4.237388 -3.224977 0.917674 
12 -1.870397 -35.734475 -0.805224 -34.858718 -0.237822 -33.295704 -0.545703 -31.661638 -1.642996 -30.412276 -2.953830 -29.984192 -3.597561 -31.955356 -2.826384 -32.207202 -2.478348 -32.603470 -2.380696 -33.121757 -2.560662 -33.617508 -3.187314 -34.132724 
6 -27.108656 -0.416036 -28.199763 1.473817 -30.381977 1.473817 -31.473085 -0.416036 -30.381977 -2.305890 -28.199763 -2.305890 
6 3.757646 30.847339 1.048861 31.276664 1.313476 28.546863 2.538649 28.665626 2.427537 29.811872 3.564959 29.631598 
5 1.571421 22.593318 0.241052 24.424414 -1.911531 23.724997 -1.911531 21.461638 0.241052 20.762222 
8 15.878288 -24.401254 19.274283 -22.771238 17.983439 -18.256747 14.239073 -18.668398 14.479563 -20.855889 16.378076 -20.647168 16.647896 -21.590815 14.926019 -22.417285 
6 -34.467142 -31.710380 -35.151137 -30.525665 -36.519129 -30.525665 -37.203124 -31.710380 -36.519129 -32.895095 -35.151137 -32.895095 
7 23.553738 -0.799706 23.047068 0.252404 21.908592 0.512254 20.995605 -0.215829 20.995605 -1.383584 21.908592 -2.111667 23.047068 -1.851817 
7 1.335933 -4.746241 0.537935 -3.089182 -1.255149 -2.679922 -2.693090 -3.826642 -2.693090 -5.665839 -1.255149 -6.812559 0.537935 -6.403299 
10 27.351153 20.879408 27.625602 19.670865 29.011350 19.069482 30.315791 19.831315 30.444644 21.063912 29.379669 21.175242 29.307231 20.482305 28.939881 20.267762 28.549634 20.437120 28.395345 21.116534 
4 -32.684731 -10.828282 -33.854901 -9.658112 -35.025071 -10.828282 -33.854901 -11.998453 
8 -7.812914 -0.754735 -8.228756 0.249198 -9.232689 0.665041 -10.236622 0.249198 -10.652465 -0.754735 -10.236622 -1.758668 -9.232689 -2.174511 -8.228756 -1.758668 
3 18.728060 -5.533206 17.220840 -4.663012 17.220840 -6.403400 
5 35.155589 -20.708083 34.018835 -19.143475 32.179528 -19.741102 32.179528 -21.675063 34.018835 -22.272690 
8 6.194627 -22.041393 5.051123 -23.018426 5.525131 -24.803584 7.002694 -25.084653 7.206401 -24.013775 6.402673 -23.860886 6.280726 -23.401620 6.902740 -22.870158 
12 -19.456488 16.840842 -18.259013 17.144108 -17.767100 18.570271 -18.690237 19.763477 -20.194231 19.645486 -20.788504 18.562547 -19.901370 18.075724 -19.570091 18.679411 -19.156088 18.711891 -18.901977 18.383438 -19.037385 17.990859 -19.704921 17.821803 
5 -3.926565 26.742569 -5.099296 28.356694 -6.996813 27.740154 -6.996813 25.744985 -5.099296 25.128445 
8 20.224926 -30.123636 19.827066 -27.960879 17.262804 -27.131939 15.674235 -28.652549 16.823214 -29.852879 17.695361 -29.018042 18.372308 -29.236876 18.590738 -30.424260 
3 -10.571150 11.792946 -14.317185 13.955720 -14.317185 9.630172 
10 -17.766367 2.624381 -19.638993 2.768428 -21.389399 1.311806 -21.630174 -0.952637 -20.471406 -2.430720 -18.923231 -1.217002 -19.589595 -0.367011 -19.517590 0.310181 -18.994123 0.745791 -17.917246 0.662954 
8 6.806856 -16.452501 6.377829 -15.416737 5.342065 -14.987710 4.306302 -15.416737 3.877274 -16.452501 4.306302 -17.488264 5.342065 -17.917292 6.377829 -17.488264 
4 -26.386160 29.682729 -28.210141 31.506709 -30.034121 29.682729 -28.210141 27.858749 
6 31.570512 -3.637961 30.099052 -5.250071 31.338525 -7.046679 32.432323 -6.292072 31.792985 -5.365355 32.551985 -4.533805 
14 -0.615591 -20.746342 -0.125657 -19.609052 -0.428594 -18.144538 -1.516627 -17.118499 -2.996376 -16.901903 -4.332835 -17.573059 -4.920710 -18.662953 -3.484573 -19.437586 -3.140886 -18.800405 -2.723754 -18.590926 -2.261899 -18.658530 -1.922305 -18.978774 -1.827754 -19.435873 -2.114182 -20.100764 
16 -32.322901 29.984987 -31.899868 30.225115 -31.536797 30.684045 -31.372775 31.245770 -31.431842 31.827963 -31.705340 32.345299 -32.153186 32.721957 -32.615826 32.872230 -32.928672 31.909080 -32.653866 31.819819 -32.508310 31.697400 -32.419420 31.529259 -32.400223 31.340039 -32.453532 31.157471 -32.571535 31.008313 -32.822814 30.865678 
10 -31.382201 24.239810 -32.519600 23.442474 -33.048172 21.849302 -32.522227 20.255260 -31.386145 19.456050 -30.379143 20.887510 -31.041615 21.353545 -31.204686 21.847782 -31.040801 22.341749 -30.377561 22.806692 
3 11.162053 14.793224 9.462713 15.774338 9.462713 13.812109 
5 3.140303 12.793894 2.400912 13.811579 1.204551 13.422858 1.204551 12.164930 2.400912 11.776209 
16 2.994290 -26.063765 3.064281 -25.280698 2.575184 -24.466427 1.700240 -24.096662 0.775426 -24.313392 0.155868 -25.033393 0.079476 -25.980186 0.490095 -26.650622 1.346759 -26.125946 1.107119 -25.734674 1.130855 -25.440486 1.323364 -25.216768 1.610722 -25.149425 1.882585 -25.264319 2.034557 -25.517329 1.993710 -25.974333 
8 4.772496 4.486777 3.545347 5.489198 1.829505 4.560379 1.997868 2.984817 3.085356 3.101025 2.994893 3.947589 3.421244 4.178381 4.080602 3.639771 
6 12.086024 -32.503151 11.436879 -31.378800 10.138591 -31.378800 9.489446 -32.503151 10.138591 -33.627502 11.436879 -33.627502 
16 -9.845148 9.927287 -10.241063 8.059230 -9.126630 6.033978 -6.959825 5.228641 -4.793183 6.034417 -3.679160 8.059895 -4.158896 10.321191 -5.679237 11.476592 -6.987950 9.754516 -6.107851 9.085675 -5.961887 8.397655 -6.300839 7.781386 -6.960059 7.536222 -7.619328 7.781252 -7.958404 8.397453 -7.729216 9.478838 
