90
10 -6.270215 -30.713714 -7.320350 -30.644349 -8.293497 -31.469639 -8.418471 -32.739482 -7.763921 -33.563593 -6.899083 -32.876696 -7.275557 -32.402697 -7.238166 -32.022770 -6.947008 -31.775849 -6.343008 -31.815745 
6 -23.541960 7.708013 -22.254859 8.337053 -22.235159 9.769509 -23.292427 9.784049 -23.303187 9.001597 -24.006241 8.657996 
6 11.554261 8.078005 13.051533 6.769807 14.656115 7.943911 13.944439 8.916519 13.118200 8.311943 12.347217 8.985567 
7 7.559370 5.436927 7.020210 6.556503 5.808730 6.833015 4.837199 6.058245 4.837199 4.815609 5.808730 4.040839 7.020210 4.317351 
10 36.671362 -8.506379 35.471287 -8.625555 34.754002 -9.910148 35.398345 -11.232834 36.589880 -11.418917 36.746655 -10.415056 36.079377 -10.310847 35.899793 -9.942202 36.099707 -9.584175 36.771767 -9.517435 
8 -33.050807 5.625322 -33.435511 6.554081 -34.364271 6.938786 -35.293030 6.554081 -35.677734 5.625322 -35.293030 4.696563 -34.364271 4.311858 -33.435511 4.696563 
12 -31.079684 23.985584 -29.270461 24.564642 -28.301550 26.658388 -29.187635 28.788509 -31.355646 29.577364 -33.041788 28.702425 -32.187179 27.055461 -31.224333 27.555082 -30.587841 27.323487 -30.327702 26.698119 -30.612158 26.083430 -31.645287 25.752769 
12 34.129720 -30.664421 34.066169 -29.075872 32.631533 -27.786149 30.706636 -27.913952 29.455104 -29.382023 29.602128 -30.965030 31.203590 -30.816292 31.119325 -29.909009 31.490328 -29.473814 32.060944 -29.435928 32.486227 -29.818254 32.522651 -30.728713 
5 29.444924 -36.382902 28.215001 -34.690059 26.224945 -35.336667 26.224945 -37.429136 28.215001 -38.075745 
8 -16.465732 0.637447 -17.048944 2.045445 -18.456942 2.628657 -19.864940 2.045445 -20.448152 0.637447 -19.864940 -0.770551 -18.456942 -1.353763 -17.048944 -0.770551 
8 -4.137907 15.687844 -4.511413 16.589568 -5.413138 16.963075 -6.314862 16.589568 -6.688368 15.687844 -6.314862 14.786120 -5.413138 14.412613 -4.511413 14.786120 
8 -9.864467 19.285791 -10.268829 20.262008 -11.245045 20.666370 -12.221262 20.262008 -12.625624 19.285791 -12.221262 18.309575 -11.245045 17.905213 -10.268829 18.309575 
4 15.088859 -31.413742 13.520644 -29.845527 11.952429 -31.413742 13.520644 -32.981956 
10 19.300269 -6.132266 20.169522 -5.638888 20.593253 -4.506040 20.191392 -3.365251 19.331792 -2.855243 18.741626 -3.849947 19.240035 -4.145657 19.362816 -4.494205 19.233352 -4.840326 18.729347 -5.126393 
10 -6.286888 -3.087735 -7.218731 -4.318185 -6.510665 -6.068505 -4.644840 -6.357770 -3.659945 -5.169360 -4.594866 -4.394545 -5.139941 -5.052252 -5.643509 -4.974183 -5.834609 -4.501788 -5.318895 -3.820815 
6 -12.960023 33.163811 -13.907391 34.804701 -15.802128 34.804701 -16.749497 33.163811 -15.802128 31.522921 -13.907391 31.522921 
12 31.985833 1.985746 33.477342 0.721218 35.795550 1.275054 36.720521 3.471699 35.496765 5.516997 33.549964 5.700285 33.391551 4.017694 34.486047 3.914649 34.830719 3.338589 34.570200 2.719903 33.917276 2.563915 33.078745 3.274835 
3 -22.053912 1.271520 -24.101603 2.453755 -24.101603 0.089285 
6 30.053137 -10.932026 31.779691 -11.873437 33.180168 -10.492891 32.297237 -9.597214 31.561840 -10.322145 30.655218 -9.827806 
3 -8.911867 26.463152 -10.744678 27.521326 -10.744678 25.404978 
10 -14.638400 -31.780368 -14.027285 -30.102288 -15.421925 -28.419708 -17.578509 -28.773595 -18.218992 -30.440688 -16.918258 -30.940419 -16.564348 -30.019240 -15.984808 -29.924139 -15.610026 -30.376300 -15.947708 -31.303551 
3 -36.367483 3.175267 -37.943291 4.085060 -37.943291 2.265474 
7 17.696918 -18.692910 17.041691 -17.332317 15.569409 -16.996278 14.388730 -17.937838 14.388730 -19.447982 15.569409 -20.389542 17.041691 -20.053503 
3 35.667337 13.005017 33.568337 14.216875 33.568337 11.793160 
7 -5.639461 -25.407444 -6.118509 -24.412690 -7.194920 -24.167007 -8.058135 -24.855397 -8.058135 -25.959490 -7.194920 -26.647881 -6.118509 -26.402197 
6 16.012449 -24.163035 15.327718 -22.977045 13.958255 -22.977045 13.273523 -24.163035 13.958255 -25.349024 15.327718 -25.349024 
3 10.030662 -23.347498 7.947901 -22.145016 7.947901 -24.549981 
12 -7.056252 -20.630550 -6.883682 -19.517264 -7.742816 -18.452152 -9.108816 -18.370796 -10.088300 -19.326404 -10.049090 -20.452303 -8.955735 -20.414227 -8.978111 -19.771711 -8.691037 -19.491635 -8.290680 -19.515479 -8.038878 -19.827650 -8.137359 -20.462968 
8 -34.923801 27.152265 -36.187120 28.214689 -38.019811 27.344355 -37.994787 25.693872 -36.818264 25.711710 -36.831822 26.605924 -36.365587 26.827336 -35.681135 26.251726 
6 -3.806263 8.229909 -3.469725 11.733359 -6.980452 11.483934 -6.862699 9.826518 -5.311552 9.936721 -5.460244 8.388789 
8 29.835385 10.152609 31.101106 11.636703 30.399558 13.914564 28.518195 14.429402 28.102303 12.909617 29.148545 12.623311 29.340396 12.000390 28.636517 11.175073 
7 -18.620700 -20.139312 -19.343702 -18.637982 -20.968274 -18.267184 -22.271080 -19.306137 -22.271080 -20.972487 -20.968274 -22.011440 -19.343702 -21.640642 
3 -11.513767 4.237852 -13.709678 5.505662 -13.709678 2.970042 
10 -34.575342 -33.951177 -34.838846 -35.017179 -34.287437 -36.225227 -33.104727 -36.829074 -32.028196 -36.612562 -32.288348 -35.319046 -32.914192 -35.444916 -33.278033 -35.259152 -33.447666 -34.887516 -33.294477 -34.267792 
8 31.542518 19.675208 30.989169 21.299886 28.911514 21.632078 27.879169 20.260933 28.907973 19.486340 29.473904 20.238001 30.020136 20.150665 30.323482 19.260017 
10 16.704449 0.939672 15.225525 1.520694 13.647511 0.390585 13.737781 -1.548261 15.110001 -2.349395 15.762927 -1.231033 14.998647 -0.784829 14.973858 -0.252391 15.407205 0.057955 16.230915 -0.265655 
4 16.226750 25.734445 14.341043 27.620152 12.455336 25.734445 14.341043 23.848738 
8 -34.284837 -8.419514 -34.809887 -7.151932 -36.077469 -6.626883 -37.345051 -7.151932 -37.870101 -8.419514 -37.345051 -9.687096 -36.077469 -10.212146 -34.809887 -9.687096 
5 -20.481422 28.098659 -21.657485 29.717371 -23.560395 29.099078 -23.560395 27.098240 -21.657485 26.479947 
8 -33.422254 15.989867 -33.766318 16.820509 -34.596960 17.164572 -35.427602 16.820509 -35.771666 15.989867 -35.427602 15.159224 -34.596960 14.815161 -33.766318 15.159224 
5 8.359039 -33.916152 7.266425 -32.412298 5.498539 -32.986719 5.498539 -34.845585 7.266425 -35.420006 
8 7.745995 -15.471977 5.452496 -15.989799 5.796009 -18.912706 8.147070 -18.884681 8.131396 -17.569804 6.963841 -17.583722 6.896628 -17.011815 8.035597 -16.754660 
3 31.452320 0.415151 29.420157 1.588421 29.420157 -0.758119 
12 -23.820962 23.327433 -23.780973 21.779383 -22.425299 20.479600 -20.547441 20.510142 -19.234752 21.853323 -19.245126 23.401855 -20.847076 23.391123 -20.841117 22.501658 -21.232486 22.101197 -21.792357 22.092092 -22.196541 22.479613 -22.219511 23.368802 
3 37.914974 -14.016793 36.277433 -13.071358 36.277433 -14.962228 
7 -14.456138 -24.858438 -15.049380 -23.626558 -16.382382 -23.322309 -17.451367 -24.174796 -17.451367 -25.542079 -16.382382 -26.394566 -15.049380 -26.090317 
14 -28.680406 -25.302690 -28.714542 -24.213656 -29.474832 -23.140540 -30.701300 -22.665782 -31.985964 -22.947309 -32.901483 -23.891471 -33.101832 -24.962462 -31.629362 -25.237916 -31.511972 -24.610393 -31.224589 -24.314019 -30.821331 -24.225648 -30.436341 -24.374675 -30.197685 -24.711528 -30.177684 -25.349622 
12 16.603947 -34.617216 17.524193 -35.889089 19.337863 -36.446562 21.121516 -35.799448 22.155814 -34.208724 22.046449 -32.642661 20.094927 -32.778945 20.158657 -33.691528 19.838530 -34.183875 19.286470 -34.384164 18.725119 -34.211620 18.188869 -33.470468 
7 -24.343525 16.556584 -24.809049 17.523255 -25.855072 17.762003 -26.693917 17.093046 -26.693917 16.020122 -25.855072 15.351166 -24.809049 15.589914 
7 6.909733 24.586954 6.180375 26.101481 4.541523 26.475538 3.227265 25.427453 3.227265 23.746455 4.541523 22.698369 6.180375 23.072427 
6 -4.210143 36.895146 -4.862137 38.024433 -6.166125 38.024433 -6.818119 36.895146 -6.166125 35.765860 -4.862137 35.765860 
6 36.747610 -21.418878 35.837069 -19.841774 34.015986 -19.841774 33.105445 -21.418878 34.015986 -22.995982 35.837069 -22.995982 
10 34.258519 -36.585589 35.659463 -36.492731 36.612713 -35.073208 36.071772 -33.451137 34.746106 -32.988670 34.335924 -34.164458 35.083980 -34.425423 35.237856 -34.886837 34.966695 -35.290634 34.176160 -35.343033 
10 9.111304 33.111383 8.612692 34.711391 6.578016 35.018058 5.413999 33.321293 6.243556 31.865108 7.302768 32.468518 6.851144 33.261288 7.151321 33.698851 7.676024 33.619767 7.947477 32.748698 
14 -33.363538 21.797680 -34.306670 22.180836 -35.529994 22.103613 -36.598586 21.503115 -37.300674 20.498347 -37.497120 19.288432 -37.208001 18.312360 -35.462922 18.829264 -35.634025 19.406911 -35.570771 19.796497 -35.344703 20.120026 -35.000623 20.313383 -34.606720 20.338248 -34.048567 20.111493 
8 -4.929656 27.766108 -5.290020 28.636104 -6.160015 28.996468 -7.030011 28.636104 -7.390374 27.766108 -7.030011 26.896113 -6.160015 26.535749 -5.290020 26.896113 
6 18.580702 33.162062 16.989955 32.650141 17.117890 30.983955 18.137940 31.062278 18.071807 31.923571 18.894104 32.188196 
16 -14.894170 21.702432 -15.493460 21.934877 -16.266042 21.893542 -16.953401 21.538396 -17.434116 20.932175 -17.623269 20.181967 -17.487447 19.420295 -17.124542 18.889749 -16.119282 19.577366 -16.334384 19.891834 -16.378290 20.138051 -16.317145 20.380562 -16.161749 20.576529 -15.939554 20.691333 -15.689811 20.704694 -15.334597 20.566919 
7 5.542235 -13.223854 5.140780 -12.390225 4.238719 -12.184335 3.515322 -12.761225 3.515322 -13.686484 4.238719 -14.263374 5.140780 -14.057484 
14 -6.232558 0.401058 -6.086608 -0.613277 -5.063384 -1.321448 -3.848204 -1.053431 -3.217808 0.019460 -3.575143 1.211436 -4.494738 1.663677 -4.939178 0.759946 -4.413709 0.501529 -4.308618 0.150973 -4.494016 -0.164561 -4.851396 -0.243384 -5.152323 -0.035113 -5.235721 0.544491 
16 -34.386480 -20.630900 -33.804280 -20.023070 -33.633913 -19.021306 -34.054698 -18.096376 -34.921818 -17.566604 -35.936845 -17.614316 -36.750446 -18.223091 -37.025580 -19.018525 -35.950761 -19.390296 -35.789695 -18.924641 -35.534880 -18.733977 -35.216981 -18.719034 -34.945406 -18.884955 -34.813619 -19.174636 -34.866977 -19.488381 -35.207802 -19.844211 
8 10.054417 28.384762 9.713968 29.206678 8.892051 29.547128 8.070134 29.206678 7.729685 28.384762 8.070134 27.562845 8.892051 27.222396 9.713968 27.562845 
3 17.950761 8.993288 16.435565 9.868086 16.435565 8.118489 
7 -25.810139 35.727911 -26.220566 36.580171 -27.142787 36.790662 -27.882351 36.200880 -27.882351 35.254942 -27.142787 34.665160 -26.220566 34.875651 
7 -21.478859 -9.623970 -22.215967 -8.093351 -23.872232 -7.715319 -25.200454 -8.774540 -25.200454 -10.473400 -23.872232 -11.532622 -22.215967 -11.154590 
8 20.369122 -9.160849 20.021033 -8.320488 19.180672 -7.972399 18.340311 -8.320488 17.992222 -9.160849 18.340311 -10.001210 19.180672 -10.349299 20.021033 -10.001210 
8 19.390085 21.216460 18.888895 22.426438 17.678917 22.927628 16.468939 22.426438 15.967750 21.216460 16.468939 20.006482 17.678917 19.505293 18.888895 20.006482 
8 -5.088478 31.322560 -5.952181 33.257109 -8.448251 33.904768 -10.143586 32.634217 -8.996724 31.103924 -8.037790 31.822588 -7.323233 31.637181 -6.834696 30.542940 
4 10.487875 -30.316228 9.240147 -29.068500 7.992419 -30.316228 9.240147 -31.563955 
3 -16.183470 28.756931 -18.443134 30.061548 -18.443134 27.452313 
5 16.811059 35.314204 15.433039 37.210885 13.203357 36.486418 13.203357 34.141991 15.433039 33.417523 
7 -13.750461 24.883570 -14.224963 25.868884 -15.291159 26.112236 -16.146182 25.430378 -16.146182 24.336763 -15.291159 23.654905 -14.224963 23.898257 
5 -11.366168 -36.355995 -12.562915 -34.708814 -14.499293 -35.337981 -14.499293 -37.374009 -12.562915 -38.003176 
6 -33.883259 -3.338963 -34.669218 -1.977642 -36.241136 -1.977642 -37.027095 -3.338963 -36.241136 -4.700284 -34.669218 -4.700284 
3 -36.569246 -24.111984 -38.250447 -23.141342 -38.250447 -25.082626 
8 -35.321876 11.622374 -35.615605 12.331498 -36.324729 12.625227 -37.033853 12.331498 -37.327582 11.622374 -37.033853 10.913249 -36.324729 10.619521 -35.615605 10.913249 
7 -3.812782 21.746706 -4.509046 23.192512 -6.073536 23.549597 -7.328160 22.549068 -7.328160 20.944344 -6.073536 19.943814 -4.509046 20.300899 
10 -5.000081 -34.822427 -5.775682 -35.321498 -6.134670 -36.377522 -5.758866 -37.427680 -4.975396 -37.914304 -4.391384 -36.974037 -4.846820 -36.691160 -4.962406 -36.368163 -4.851992 -36.043362 -4.401131 -35.753249 
5 13.882139 -5.711719 12.815150 -4.243134 11.088725 -4.804083 11.088725 -6.619354 12.815150 -7.180304 
3 30.957053 -19.151753 29.022446 -18.034807 29.022446 -20.268698 
6 -10.642186 -24.671170 -11.186882 -23.727730 -12.276272 -23.727730 -12.820968 -24.671170 -12.276272 -25.614610 -11.186882 -25.614610 
6 -16.808477 10.970403 -17.334036 11.880696 -18.385152 11.880696 -18.910711 10.970403 -18.385152 10.060109 -17.334036 10.060109 
3 35.808548 -5.960576 33.985423 -4.907994 33.985423 -7.013158 
7 -15.176028 -8.641956 -15.723759 -7.504582 -16.954498 -7.223674 -17.941474 -8.010761 -17.941474 -9.273150 -16.954498 -10.060238 -15.723759 -9.779329 
6 -9.974935 -7.592151 -10.629397 -6.458590 -11.938320 -6.458590 -12.592781 -7.592151 -11.938320 -8.725711 -10.629397 -8.725711 
8 8.014765 20.725838 8.905955 19.950696 10.309036 20.274339 10.770650 21.361528 9.835718 21.758494 9.576392 21.147730 9.182006 21.056759 8.681351 21.492220 
6 31.927218 -4.670717 30.961279 -2.997663 29.029402 -2.997663 28.063464 -4.670717 29.029402 -6.343772 30.961279 -6.343772 
5 -35.162396 34.140163 -36.348341 35.772477 -38.267242 35.148989 -38.267242 33.131337 -36.348341 32.507849 
3 6.517191 9.701351 4.047216 11.127391 4.047216 8.275310 
3 -27.901851 21.807103 -29.492554 22.725495 -29.492554 20.888710 
