60
7 -16.042289 12.015167 -16.519928 13.006995 -17.593174 13.251957 -18.453851 12.565590 -18.453851 11.464743 -17.593174 10.778377 -16.519928 11.023338 
7 -20.643971 25.875401 -21.218113 27.067618 -22.508196 27.362071 -23.542762 26.537031 -23.542762 25.213771 -22.508196 24.388732 -21.218113 24.683185 
6 -4.953472 -25.656334 -6.232542 -27.405729 -4.615629 -28.848641 -3.812843 -27.949046 -4.613665 -27.234402 -3.980169 -26.367964 
7 -34.350542 7.939295 -35.101615 9.498916 -36.789263 9.884110 -38.142651 8.804819 -38.142651 7.073771 -36.789263 5.994480 -35.101615 6.379674 
14 30.386332 -15.366403 30.832984 -16.139527 31.793787 -16.627359 32.865145 -16.511973 33.700039 -15.830744 34.028042 -14.804325 33.791781 -13.943279 32.591792 -14.272542 32.730317 -14.777389 32.627180 -15.100134 32.364658 -15.314338 32.027782 -15.350620 31.725669 -15.197227 31.463789 -14.743931 
6 0.675790 -12.853409 0.058313 -11.783908 -1.176641 -11.783908 -1.794118 -12.853409 -1.176641 -13.922911 0.058313 -13.922911 
5 -30.046580 21.739264 -31.062070 23.136966 -32.705167 22.603092 -32.705167 20.875437 -31.062070 20.341563 
3 -26.129938 6.556840 -29.041682 8.237936 -29.041682 4.875744 
4 20.029865 32.458323 18.750680 33.737508 17.471496 32.458323 18.750680 31.179139 
3 27.141730 20.702955 24.650502 22.141266 24.650502 19.264644 
10 -12.745807 -12.103461 -10.867160 -10.985680 -11.282368 -8.325100 -13.906005 -7.718790 -15.156570 -9.511787 -13.926881 -10.369461 -13.256106 -9.407738 -12.607411 -9.557649 -12.504751 -10.215478 -13.512414 -10.815031 
8 -6.075998 -34.398203 -6.501430 -33.371119 -7.528514 -32.945687 -8.555597 -33.371119 -8.981029 -34.398203 -8.555597 -35.425287 -7.528514 -35.850718 -6.501430 -35.425287 
3 7.970379 -11.331649 6.009564 -10.199573 6.009564 -12.463726 
5 28.859189 -16.000593 27.932301 -14.724842 26.432566 -15.212135 26.432566 -16.789051 27.932301 -17.276344 
6 22.283032 -14.006420 23.087541 -15.661464 24.839085 -15.097108 24.515748 -14.093592 23.635548 -14.377196 23.231259 -13.545491 
16 29.937576 -26.081356 29.367151 -25.799787 28.601863 -25.774681 27.894519 -26.067867 27.371394 -26.627006 27.125881 -27.352278 27.201809 -28.114203 27.520677 -28.664647 28.558094 -28.063679 28.369119 -27.737462 28.344583 -27.491246 28.423920 -27.256876 28.592967 -27.076191 28.821545 -26.981448 29.068847 -26.989561 29.406906 -27.156431 
16 0.929220 -27.347280 1.961283 -27.491894 3.012834 -26.794109 3.337100 -25.574472 2.770944 -24.446585 1.599198 -23.977890 0.411371 -24.404187 -0.089311 -25.318181 0.927426 -25.875145 1.216850 -25.346803 1.576923 -25.217577 1.932121 -25.359655 2.103743 -25.701558 2.005446 -26.071274 1.686684 -26.282797 1.090091 -26.199202 
4 -18.457158 -23.631842 -19.499800 -22.589200 -20.542443 -23.631842 -19.499800 -24.674485 
8 26.745811 5.478652 26.366852 6.393539 25.451965 6.772498 24.537077 6.393539 24.158119 5.478652 24.537077 4.563764 25.451965 4.184805 26.366852 4.563764 
8 6.807624 -18.601428 6.420304 -17.666356 5.485232 -17.279037 4.550160 -17.666356 4.162840 -18.601428 4.550160 -19.536500 5.485232 -19.923820 6.420304 -19.536500 
5 32.175772 -23.579919 31.357359 -22.453470 30.033138 -22.883735 30.033138 -24.276103 31.357359 -24.706368 
6 -34.762391 -11.583729 -35.510019 -10.288799 -37.005275 -10.288799 -37.752903 -11.583729 -37.005275 -12.878659 -35.510019 -12.878659 
12 3.454861 17.875476 2.361907 17.878724 1.409072 16.957713 1.368010 15.633149 2.261965 14.654886 3.353022 14.590428 3.420488 15.732393 2.793104 15.769458 2.525810 16.061961 2.538088 16.458008 2.822987 16.733392 3.451462 16.731525 
5 -30.195578 26.122318 -31.208902 27.517039 -32.848495 26.984303 -32.848495 25.260333 -31.208902 24.727597 
4 -13.256926 -16.613088 -15.142350 -14.727663 -17.027774 -16.613088 -15.142350 -18.498512 
12 -36.025020 26.233632 -35.182015 26.468560 -34.585574 27.343741 -34.694049 28.397267 -35.456310 29.132552 -36.329499 29.190773 -36.396474 28.186297 -35.890407 28.152554 -35.657776 27.928156 -35.624671 27.606634 -35.806697 27.339541 -36.295270 27.203386 
4 -28.378359 -23.778377 -29.932756 -22.223980 -31.487153 -23.778377 -29.932756 -25.332774 
3 -20.332881 30.808869 -22.555981 32.092377 -22.555981 29.525362 
10 -34.552667 -33.958678 -33.713365 -32.368322 -34.338160 -30.279111 -36.247633 -29.225980 -37.979677 -29.709388 -37.476789 -31.511228 -36.481388 -31.233415 -35.911302 -31.547835 -35.724766 -32.171583 -36.207110 -33.085555 
8 30.978143 13.063535 30.667996 13.812297 29.919233 14.122445 29.170471 13.812297 28.860324 13.063535 29.170471 12.314773 29.919233 12.004625 30.667996 12.314773 
8 11.011036 13.714701 10.651903 14.581724 9.784879 14.940857 8.917855 14.581724 8.558722 13.714701 8.917855 12.847677 9.784879 12.488544 10.651903 12.847677 
6 20.277502 13.078253 19.593192 14.263513 18.224572 14.263513 17.540262 13.078253 18.224572 11.892993 19.593192 11.892993 
5 -36.476712 -7.015350 -37.240724 -5.963778 -38.476922 -6.365442 -38.476922 -7.665258 -37.240724 -8.066922 
6 0.048304 0.396097 -0.647064 1.600510 -2.037800 1.600510 -2.733168 0.396097 -2.037800 -0.808316 -0.647064 -0.808316 
16 -3.520682 -8.767403 -3.309058 -8.251343 -3.322410 -7.580265 -3.601575 -6.969864 -4.100491 -6.520858 -4.736834 -6.307336 -5.405603 -6.364531 -5.896587 -6.629178 -5.377592 -7.592037 -5.086333 -7.435044 -4.869692 -7.416516 -4.663556 -7.485684 -4.501937 -7.631135 -4.411504 -7.828868 -4.407179 -8.046256 -4.532718 -8.352392 
8 0.997028 -32.203034 0.430066 -30.834265 -0.938703 -30.267302 -2.307472 -30.834265 -2.874434 -32.203034 -2.307472 -33.571803 -0.938703 -34.138765 0.430066 -33.571803 
8 19.614088 23.424310 19.313666 24.149592 18.588384 24.450014 17.863102 24.149592 17.562681 23.424310 17.863102 22.699028 18.588384 22.398607 19.313666 22.699028 
6 19.127087 -2.039091 19.028696 -4.263923 21.255641 -4.280421 21.264064 -3.143485 20.216668 -3.135725 20.262944 -2.089323 
14 27.477204 -33.420336 27.632491 -31.570489 26.166711 -29.860608 23.920021 -29.703803 22.230931 -31.193494 22.105750 -33.442168 23.353103 -34.816998 24.754516 -33.545528 24.039071 -32.756965 24.076253 -32.089050 24.577957 -31.646573 25.245282 -31.693148 25.680657 -32.201027 25.591589 -33.262046 
4 17.242351 -12.838413 15.729516 -11.325579 14.216682 -12.838413 15.729516 -14.351247 
3 -35.616108 36.509155 -37.786228 37.762075 -37.786228 35.256235 
3 37.148419 -25.873841 35.135284 -24.711557 35.135284 -27.036124 
7 -31.974453 -0.699715 -32.492828 0.376702 -33.657606 0.642555 -34.591685 -0.102349 -34.591685 -1.297081 -33.657606 -2.041984 -32.492828 -1.776131 
7 -25.672879 2.452025 -26.088967 3.316040 -27.023908 3.529434 -27.773672 2.931517 -27.773672 1.972533 -27.023908 1.374616 -26.088967 1.588010 
5 -22.401631 36.470980 -23.318092 37.732380 -24.800956 37.250568 -24.800956 35.691392 -23.318092 35.209580 
3 25.792161 -4.364779 23.121622 -2.822943 23.121622 -5.906616 
6 -0.690628 22.273747 -1.577778 23.810334 -3.352076 23.810334 -4.239225 22.273747 -3.352076 20.737159 -1.577778 20.737159 
4 -11.481464 34.255632 -12.620909 35.395077 -13.760353 34.255632 -12.620909 33.116188 
16 -20.407093 -3.972179 -20.245480 -4.604534 -19.739264 -5.205684 -19.022073 -5.527046 -18.236492 -5.504729 -17.538701 -5.143171 -17.067428 -4.514253 -16.941974 -3.873743 -18.085274 -3.649809 -18.159515 -4.028850 -18.311245 -4.231335 -18.535903 -4.347741 -18.788826 -4.354926 -19.019731 -4.251461 -19.182710 -4.057917 -19.278350 -3.683702 
5 -25.351342 24.379593 -26.479356 25.932171 -28.304521 25.339139 -28.304521 23.420047 -26.479356 22.827015 
6 15.158539 35.969896 17.294465 35.842566 18.318022 37.721588 16.965872 38.458142 16.410046 37.437770 15.250166 37.506914 
7 -17.257783 -9.300400 -17.955239 -7.852118 -19.522407 -7.494422 -20.779179 -8.496664 -20.779179 -10.104136 -19.522407 -11.106378 -17.955239 -10.748682 
5 -8.562899 19.487597 -9.811391 21.205998 -11.831492 20.549627 -11.831492 18.425567 -9.811391 17.769196 
14 -24.709860 31.372483 -24.321644 32.598703 -25.002752 34.001008 -26.461841 34.550031 -27.898427 33.944568 -28.524373 32.516787 -28.088669 31.306626 -26.801312 31.770124 -27.052222 32.467024 -26.864339 32.895584 -26.433136 33.077319 -25.995178 32.912525 -25.790738 32.491611 -26.014301 31.785463 
7 4.697200 0.645926 4.075178 1.937568 2.677508 2.256577 1.556663 1.362733 1.556663 -0.070881 2.677508 -0.964725 4.075178 -0.645716 
8 13.277717 23.626358 12.169826 24.634683 10.359292 24.448345 9.480001 23.235501 10.646254 22.389987 11.147485 23.081356 11.676585 23.135810 12.308126 22.561025 
12 -8.106678 12.606409 -9.032996 13.191678 -10.341282 12.968797 -11.165229 11.928412 -11.082454 10.603861 -10.300532 9.836265 -9.454869 10.697712 -9.906511 11.141079 -9.931552 11.541777 -9.682295 11.856510 -9.286517 11.923935 -8.751472 11.585881 
4 37.805108 -34.112060 36.670259 -32.977210 35.535409 -34.112060 36.670259 -35.246909 
8 -32.221658 -15.075311 -32.594186 -14.175951 -33.493545 -13.803424 -34.392905 -14.175951 -34.765433 -15.075311 -34.392905 -15.974671 -33.493545 -16.347198 -32.594186 -15.974671 
6 0.441292 -18.588163 -0.243741 -17.401651 -1.613807 -17.401651 -2.298840 -18.588163 -1.613807 -19.774675 -0.243741 -19.774675 
