90
8 11.609682 35.269250 10.461864 33.637616 12.189069 31.852955 13.857378 32.946783 13.209467 33.934978 12.358493 33.377036 11.990672 33.757092 12.576153 34.589359 
4 4.948258 -13.687486 3.816028 -12.555255 2.683797 -13.687486 3.816028 -14.819716 
10 -9.825950 -29.865673 -9.425388 -30.649063 -8.470948 -31.117773 -7.425804 -30.922017 -6.829935 -30.274646 -7.642353 -29.526861 -7.989731 -29.904264 -8.313577 -29.964921 -8.609317 -29.819687 -8.842836 -29.362988 
16 15.766057 34.128856 15.716259 33.221880 16.357079 32.329459 17.415810 32.035939 18.424660 32.471009 18.937878 33.442437 18.728702 34.521006 18.034922 35.107311 17.337692 34.282272 17.740738 33.941662 17.804970 33.610463 17.647375 33.312163 17.337584 33.178565 17.012476 33.268697 16.815697 33.542736 16.844627 34.069636 
5 -9.548014 29.900514 -10.394473 31.065565 -11.764072 30.620555 -11.764072 29.180473 -10.394473 28.735464 
3 -34.748310 7.744954 -36.369430 8.680908 -36.369430 6.809000 
6 -22.541347 6.242531 -23.076189 7.168906 -24.145874 7.168906 -24.680717 6.242531 -24.145874 5.316157 -23.076189 5.316157 
7 34.248912 13.202207 33.738050 14.263024 32.590153 14.525024 31.669611 13.790916 31.669611 12.613499 32.590153 11.879391 33.738050 12.141391 
5 -24.151870 -12.258722 -25.238011 -10.763777 -26.995423 -11.334795 -26.995423 -13.182648 -25.238011 -13.753666 
4 32.535419 -33.403787 31.087328 -31.955696 29.639237 -33.403787 31.087328 -34.851878 
6 3.568871 11.935071 2.719154 13.406824 1.019721 13.406824 0.170004 11.935071 1.019721 10.463318 2.719154 10.463318 
10 22.030731 -11.711552 20.539991 -11.239327 18.801826 -11.989443 17.979744 -13.694749 18.389272 -15.203917 20.093306 -14.741510 19.856296 -13.868093 20.106263 -13.349568 20.634780 -13.121483 21.497531 -13.394779 
10 -15.042090 -31.585397 -15.960612 -31.190376 -17.138488 -31.458608 -17.932164 -32.369332 -18.018818 -33.365433 -16.746053 -33.476155 -16.695481 -32.894824 -16.448871 -32.611844 -16.082883 -32.528499 -15.546827 -32.759036 
6 -34.655221 -0.917658 -33.074969 0.540093 -33.608533 2.622770 -35.181800 2.219712 -34.888882 1.076356 -35.756415 0.276075 
10 -34.033849 -26.920530 -34.978450 -26.055361 -36.527252 -25.990404 -37.754049 -26.938020 -38.025422 -28.189876 -36.582932 -28.502575 -36.425635 -27.776957 -36.051113 -27.487664 -35.578288 -27.507495 -35.030766 -28.008976 
6 36.483081 -7.721032 35.240863 -5.623095 32.812658 -5.842798 32.971457 -7.597873 34.291442 -7.478442 34.966718 -8.618892 
4 17.107819 -27.502325 15.586141 -25.980648 14.064464 -27.502325 15.586141 -29.024002 
7 2.118553 1.116784 1.532842 2.333026 0.216760 2.633413 -0.838655 1.791748 -0.838655 0.441820 0.216760 -0.399845 1.532842 -0.099458 
3 34.910143 -25.922974 31.949089 -24.213409 31.949089 -27.632539 
6 -9.342559 -2.926124 -10.138943 -1.546746 -11.731712 -1.546746 -12.528096 -2.926124 -11.731712 -4.305502 -10.138943 -4.305502 
6 -24.664070 25.918243 -25.174329 26.802038 -26.194848 26.802038 -26.705107 25.918243 -26.194848 25.034448 -25.174329 25.034448 
14 -27.708005 -22.017600 -28.907672 -22.477779 -29.504360 -23.918885 -28.869207 -25.343458 -27.398450 -25.862784 -26.009613 -25.152885 -25.646736 -23.920292 -26.873480 -23.559138 -27.081111 -24.264403 -27.491008 -24.473920 -27.925083 -24.320648 -28.112541 -23.900203 -27.936436 -23.474879 -27.250010 -23.211574 
3 -32.365201 -32.585542 -35.152702 -30.976177 -35.152702 -34.194906 
3 -2.519631 -23.183198 -4.076247 -22.284485 -4.076247 -24.081911 
3 -3.343799 -7.531166 -5.090760 -6.522558 -5.090760 -8.539775 
3 8.468817 33.145715 6.072844 34.529031 6.072844 31.762399 
8 15.706027 12.739652 14.635800 10.925199 16.440887 9.040693 18.299712 10.031850 17.675026 11.203391 16.703846 10.685541 16.290440 11.117135 16.849601 12.065133 
4 11.576714 18.880650 10.539716 19.917649 9.502717 18.880650 10.539716 17.843652 
8 -6.008310 21.078231 -6.423957 22.081690 -7.427416 22.497336 -8.430875 22.081690 -8.846521 21.078231 -8.430875 20.074772 -7.427416 19.659126 -6.423957 20.074772 
5 9.920639 4.409272 8.994410 5.684117 7.495741 5.197169 7.495741 3.621375 8.994410 3.134428 
6 19.943458 21.246139 19.428960 22.137276 18.399964 22.137276 17.885466 21.246139 18.399964 20.355003 19.428960 20.355003 
3 -15.623805 25.887298 -17.227558 26.813225 -17.227558 24.961370 
4 17.425403 -1.314161 15.639866 0.471376 13.854329 -1.314161 15.639866 -3.099699 
12 -34.729401 -13.187168 -34.861308 -11.817518 -36.331327 -11.005930 -37.831542 -11.760241 -38.056833 -13.424234 -37.036114 -14.346988 -36.264783 -13.493768 -36.835686 -12.977658 -36.773107 -12.515454 -36.356396 -12.305930 -35.948071 -12.531364 -35.874294 -13.297429 
8 37.260351 -27.925733 35.293751 -28.032419 34.066220 -30.099852 34.913973 -31.877551 36.384484 -31.176290 35.911131 -30.183692 36.250529 -29.612072 37.348602 -29.552503 
4 -23.916363 34.145773 -25.102261 35.331671 -26.288158 34.145773 -25.102261 32.959876 
6 30.327577 -28.185389 29.459477 -26.681795 27.723276 -26.681795 26.855175 -28.185389 27.723276 -29.688984 29.459477 -29.688984 
3 33.085635 -21.624131 30.751059 -20.276263 30.751059 -22.971999 
4 -26.187042 -5.103691 -27.705837 -3.584896 -29.224632 -5.103691 -27.705837 -6.622486 
6 -10.219363 4.952080 -10.814122 5.982233 -12.003640 5.982233 -12.598399 4.952080 -12.003640 3.921927 -10.814122 3.921927 
14 -16.369211 -6.023817 -16.476887 -5.358094 -16.989790 -4.727288 -17.749009 -4.436475 -18.552081 -4.563205 -19.184851 -5.073683 -19.428490 -5.702508 -18.461117 -6.077318 -18.317651 -5.707037 -18.116485 -5.544748 -17.861177 -5.504459 -17.619810 -5.596913 -17.456751 -5.797455 -17.393347 -6.189464 
5 -10.024217 -32.849168 -11.280880 -31.119521 -13.314202 -31.780187 -13.314202 -33.918149 -11.280880 -34.578816 
4 32.804108 -1.349425 31.772894 -0.318211 30.741681 -1.349425 31.772894 -2.380639 
8 -19.469459 2.205455 -19.614152 3.717644 -21.394101 4.288055 -22.390783 3.141636 -21.589054 2.444622 -21.051666 3.062744 -20.604999 2.919603 -20.526984 2.104266 
16 -10.137827 12.110542 -9.605179 11.538202 -8.686458 11.321999 -7.802827 11.653647 -7.253236 12.420943 -7.223620 13.364296 -7.724000 14.164554 -8.437315 14.484661 -8.873646 13.512356 -8.455877 13.324878 -8.298981 13.073955 -8.308267 12.778164 -8.480593 12.537577 -8.757658 12.433588 -9.045725 12.501378 -9.357683 12.836582 
12 8.327424 -20.428651 9.742127 -20.526493 10.874712 -19.221782 10.514449 -17.532039 8.948201 -16.802733 7.696427 -17.469082 8.280124 -18.565590 8.985248 -18.190235 9.428698 -18.396722 9.530698 -18.875137 9.210031 -19.244538 8.413129 -19.189424 
5 11.793330 0.570670 10.789010 1.952998 9.163986 1.424996 9.163986 -0.283656 10.789010 -0.811659 
7 -13.732858 -1.584333 -14.374246 -0.252477 -15.815432 0.076464 -16.971173 -0.845208 -16.971173 -2.323457 -15.815432 -3.245130 -14.374246 -2.916188 
7 -10.189254 34.058498 -10.820262 35.368799 -12.238124 35.692417 -13.375161 34.785660 -13.375161 33.331335 -12.238124 32.424579 -10.820262 32.748196 
5 6.206950 6.665745 5.137738 8.137389 3.407718 7.575271 3.407718 5.756220 5.137738 5.194102 
8 -14.636815 35.852209 -14.981383 36.684069 -15.813243 37.028637 -16.645104 36.684069 -16.989672 35.852209 -16.645104 35.020348 -15.813243 34.675780 -14.981383 35.020348 
7 -25.004207 15.303832 -25.481526 16.294994 -26.554051 16.539791 -27.414149 15.853886 -27.414149 14.753778 -26.554051 14.067873 -25.481526 14.312670 
14 29.632998 -6.887273 29.861604 -6.268050 29.730735 -5.483166 29.227863 -4.866489 28.485367 -4.580359 27.698708 -4.700098 27.181299 -5.109958 27.815967 -5.911165 28.120719 -5.669759 28.370971 -5.631668 28.607174 -5.722692 28.767148 -5.918869 28.808780 -6.168557 28.674132 -6.533276 
8 1.630833 6.532814 1.112492 7.784200 -0.138894 8.302541 -1.390280 7.784200 -1.908622 6.532814 -1.390280 5.281428 -0.138894 4.763087 1.112492 5.281428 
3 -10.696093 -19.733749 -12.527344 -18.676475 -12.527344 -20.791022 
4 -29.296756 16.967478 -31.192405 18.863127 -33.088054 16.967478 -31.192405 15.071829 
4 -20.725702 -15.066857 -22.335575 -13.456984 -23.945448 -15.066857 -22.335575 -16.676730 
5 20.567648 37.248633 19.799965 38.305258 18.557828 37.901663 18.557828 36.595602 19.799965 36.192008 
6 37.720394 10.593621 36.126433 11.315155 35.058790 9.928987 35.905269 9.277018 36.456624 9.992866 37.279781 9.620250 
7 29.398908 0.430599 28.815949 1.641124 27.506054 1.940099 26.455600 1.102390 26.455600 -0.241192 27.506054 -1.078901 28.815949 -0.779926 
6 23.357230 15.141749 23.824122 17.166350 21.771744 17.489988 21.609878 16.463501 22.561006 16.313518 22.344635 15.375263 
4 -14.988381 -21.090291 -16.384123 -19.694550 -17.779864 -21.090291 -16.384123 -22.486032 
4 -6.113134 7.386298 -7.570469 8.843633 -9.027803 7.386298 -7.570469 5.928964 
3 -35.729825 -5.432594 -37.798097 -4.238476 -37.798097 -6.626711 
5 37.661060 -15.810035 36.793436 -14.615852 35.389590 -15.071990 35.389590 -16.548080 36.793436 -17.004218 
6 -32.888093 36.571821 -33.454943 37.553634 -34.588643 37.553634 -35.155493 36.571821 -34.588643 35.590008 -33.454943 35.590008 
4 -28.594607 13.324280 -29.620632 14.350305 -30.646657 13.324280 -29.620632 12.298255 
10 12.420916 -18.518955 13.572680 -18.534818 14.690667 -17.704838 15.075197 -16.366593 14.655889 -15.293749 13.331413 -15.811404 13.575610 -16.436210 13.456774 -16.849786 13.111267 -17.106286 12.440499 -17.097048 
10 14.909848 -31.453612 13.202970 -32.578233 13.536981 -35.065887 15.922951 -35.845074 17.338206 -34.370199 16.267789 -33.343052 15.497702 -34.145579 14.883304 -33.944935 14.797295 -33.304352 15.726062 -32.692410 
3 15.956650 19.688599 13.621313 21.036906 13.621313 18.340291 
16 21.675488 27.983894 21.309601 28.758828 20.381112 29.219132 19.367377 29.003929 18.705970 28.206111 18.682387 27.170053 19.306807 26.342967 20.136130 26.127050 20.395989 27.125154 19.913807 27.250691 19.721660 27.505203 19.728917 27.824020 19.932446 28.069525 20.244393 28.135748 20.530109 27.994103 20.742841 27.543543 
16 1.034706 -36.217315 1.737020 -35.340095 1.642418 -33.981882 0.652370 -33.047270 -0.709037 -33.031002 -1.721135 -33.941690 -1.848165 -35.297255 -1.167014 -36.191006 -0.198534 -35.452902 -0.591424 -34.937383 -0.553134 -34.528783 -0.248064 -34.254281 0.162297 -34.259184 0.460721 -34.540898 0.489236 -34.950296 0.084140 -35.456280 
4 1.248340 -12.561097 -0.364233 -10.948524 -1.976807 -12.561097 -0.364233 -14.173671 
16 -17.852999 -18.150584 -18.314964 -17.426971 -19.296319 -17.088150 -20.275872 -17.432144 -20.829908 -18.310154 -20.718770 -19.342387 -19.990533 -20.082339 -19.138539 -20.187850 -19.011692 -19.163573 -19.507020 -19.102231 -19.731071 -18.874576 -19.765264 -18.556996 -19.594808 -18.286864 -19.293436 -18.181030 -18.991509 -18.285273 -18.722935 -18.705963 
6 25.685304 -15.919931 25.119744 -14.940352 23.988625 -14.940352 23.423065 -15.919931 23.988625 -16.899509 25.119744 -16.899509 
5 -21.052846 -6.283566 -22.295954 -4.572576 -24.307344 -5.226116 -24.307344 -7.341016 -22.295954 -7.994556 
10 3.285280 30.422054 2.414621 30.081861 1.847734 29.103771 2.014167 27.985594 2.698117 27.348420 3.460914 28.167216 3.063396 28.537546 3.012229 28.881315 3.186511 29.182015 3.692544 29.379738 
4 -15.790667 15.196479 -17.166884 16.572696 -18.543102 15.196479 -17.166884 13.820261 
7 9.094516 36.732898 8.608891 37.741310 7.517699 37.990367 6.642632 37.292525 6.642632 36.173271 7.517699 35.475428 8.608891 35.724486 
6 20.567785 -35.973975 21.157609 -34.190316 19.468074 -33.368853 18.999855 -34.331855 19.846809 -34.743650 19.551134 -35.637787 
12 16.763072 -24.052244 17.278501 -25.211261 18.778422 -25.580421 19.989462 -24.621554 19.974119 -23.076947 18.964194 -22.309458 18.281850 -23.207342 18.851925 -23.640570 18.856294 -24.080335 18.511498 -24.353335 18.084454 -24.248231 17.793509 -23.593997 
10 3.405397 -32.006007 4.065244 -31.101801 3.832376 -29.763469 2.708019 -29.001116 1.612514 -29.231020 1.843921 -30.333687 2.471476 -30.201988 2.804331 -30.427675 2.873269 -30.823876 2.495279 -31.341846 
8 0.003433 -3.150474 -0.321601 -2.365774 -1.106301 -2.040741 -1.891000 -2.365774 -2.216034 -3.150474 -1.891000 -3.935174 -1.106301 -4.260207 -0.321601 -3.935174 
10 31.102816 9.864692 31.021997 9.052174 31.523061 8.202323 32.429351 7.812516 33.225173 7.995229 32.992375 9.009201 32.528006 8.902587 32.246526 9.023655 32.090902 9.287607 32.138061 9.761718 
5 -29.544856 -11.153571 -30.288140 -10.130529 -31.490797 -10.521296 -31.490797 -11.785845 -30.288140 -12.176613 
5 -35.670394 23.222898 -36.409944 24.240801 -37.606561 23.851997 -37.606561 22.593799 -36.409944 22.204995 
6 -31.418839 -5.204922 -31.959902 -4.267772 -33.042030 -4.267772 -33.583093 -5.204922 -33.042030 -6.142071 -31.959902 -6.142071 
5 13.274349 7.814989 12.278904 9.185101 10.668241 8.661765 10.668241 6.968214 12.278904 6.444878 
12 -5.517675 35.154130 -4.816355 35.661961 -4.484362 36.653814 -4.791537 37.653633 -5.623152 38.287990 -6.488624 38.314455 -6.522922 37.192798 -6.017413 37.177341 -5.758468 36.979818 -5.662822 36.668499 -5.766196 36.359661 -6.175827 36.063044 
16 -16.692082 -27.047882 -17.048579 -27.616488 -17.097205 -28.423791 -16.752945 -29.155630 -16.100038 -29.632929 -15.298243 -29.738896 -14.543756 -29.447602 -14.110130 -28.935380 -14.933246 -28.238563 -15.189001 -28.540673 -15.429858 -28.633664 -15.685817 -28.599836 -15.894246 -28.447466 -16.004145 -28.213840 -15.988622 -27.956122 -15.778359 -27.620755 
