10
12 -7.324073 34.093865 -6.087604 33.490694 -4.476471 33.912068 -3.528854 35.281493 -3.702297 36.937761 -4.702518 37.882339 -5.775754 36.745880 -5.196606 36.198950 -5.143802 35.694705 -5.432301 35.277787 -5.922805 35.149501 -6.638746 35.498749 
8 -23.784473 30.791251 -24.345490 32.145665 -25.699904 32.706682 -27.054319 32.145665 -27.615335 30.791251 -27.054319 29.436837 -25.699904 28.875820 -24.345490 29.436837 
3 -11.160015 -35.094770 -13.074683 -33.989335 -13.074683 -36.200204 
10 22.118881 -32.545513 19.723250 -31.608085 17.289187 -33.608431 17.847018 -36.709217 20.279129 -37.547465 20.921419 -35.683913 19.582311 -35.222378 19.433873 -34.397261 20.081575 -33.864971 21.400597 -34.381114 
7 5.444035 -4.742152 4.972311 -3.762608 3.912359 -3.520681 3.062343 -4.198546 3.062343 -5.285757 3.912359 -5.963622 4.972311 -5.721695 
4 6.980569 32.268574 5.579036 33.670107 4.177503 32.268574 5.579036 30.867041 
3 -16.496102 -10.194394 -19.016496 -8.739244 -19.016496 -11.649543 
3 -16.927937 27.056048 -18.723992 28.093001 -18.723992 26.019095 
5 15.391724 9.768980 14.056239 11.607118 11.895379 10.905012 11.895379 8.632949 14.056239 7.930842 
8 33.665082 -7.959906 34.682848 -9.661611 37.081838 -9.939817 38.462041 -8.516199 37.203531 -7.296069 36.425057 -8.099030 35.743477 -8.019989 35.169427 -7.060178 
