 -6.1000  23.9000   7.6500  37.5000
  0.3000  -4.7000  25.3000
  0.3000  -3.5000  25.3000
  0.3000  -2.3000  25.3000
  0.3000  -1.1000  25.3000
  0.3000   0.1000  25.3000
  0.3000   1.3000  25.3000
  0.3000  -4.7000  26.5000
  0.3000  -3.5000  26.5000
  0.3000  -2.3000  26.5000
  0.3000  -1.1000  26.5000
  0.3000   0.1000  26.5000
  0.3000   1.3000  26.5000
  0.3000  -4.7000  27.7000
  0.3000  -3.5000  27.7000
  0.3000  -2.3000  27.7000
  0.3000  -1.1000  27.7000
  0.3000   0.1000  27.7000
  0.3000   1.3000  27.7000
  0.3000  -4.7000  28.9000
  0.3000  -3.5000  28.9000
  0.3000  -2.3000  28.9000
  0.3000  -1.1000  28.9000
  0.3000   0.1000  28.9000
  0.3000   1.3000  28.9000
  0.3000  -4.7000  30.1000
  0.3000  -3.5000  30.1000
  0.3000  -2.3000  30.1000
  0.3000  -1.1000  30.1000
  0.3000   0.1000  30.1000
  0.3000   1.3000  30.1000
