10
10 -34.772763 -21.917775 -36.252759 -22.976016 -35.917933 -25.182789 -33.798920 -25.884033 -32.506815 -24.603124 -33.453754 -23.647909 -34.159795 -24.347833 -34.711907 -24.165122 -34.799147 -23.590144 -33.990437 -23.011893 
5 -1.871569 35.180844 -2.979069 36.705187 -4.771043 36.122940 -4.771043 34.238748 -2.979069 33.656500 
14 35.561622 3.238223 36.602112 3.488116 37.328756 4.561661 37.141401 5.844395 36.138062 6.665260 34.843632 6.594823 34.093834 5.831365 34.926178 5.013913 35.358887 5.454506 35.749585 5.475766 36.052423 5.228004 36.108972 4.840836 35.889649 4.516808 35.289181 4.372594 
8 2.718492 -3.137078 2.403444 -1.741750 0.731883 -1.220838 -0.320067 -2.190166 0.432514 -3.006894 1.013230 -2.471789 1.461249 -2.611406 1.635167 -3.381679 
12 -36.349917 -3.952005 -34.401923 -3.832056 -33.115687 -1.830827 -33.968871 0.389847 -36.264181 1.015042 -37.791372 -0.200177 -36.741425 -1.519667 -35.882877 -0.836501 -35.236487 -1.012565 -34.996218 -1.637936 -35.358440 -2.201509 -36.453553 -2.268941 
6 22.939306 -4.897927 21.947105 -3.179385 19.962704 -3.179385 18.970503 -4.897927 19.962704 -6.616469 21.947105 -6.616469 
6 32.452500 -18.844492 31.469850 -17.142491 29.504548 -17.142491 28.521897 -18.844492 29.504548 -20.546494 31.469850 -20.546494 
14 21.471666 -31.571802 22.448640 -31.950424 23.622827 -31.466399 24.139630 -30.306266 23.714124 -29.109629 22.580901 -28.536219 21.577565 -28.838126 21.897916 -29.902759 22.475580 -29.728938 22.815524 -29.900949 22.943168 -30.259917 22.788137 -30.607934 22.435904 -30.753132 21.873418 -30.535143 
8 -36.909386 31.771555 -36.243832 30.073827 -34.005273 29.957485 -33.167313 31.577073 -34.319201 32.173050 -34.772945 31.296065 -35.341535 31.325616 -35.701923 32.244912 
3 -0.610460 11.046708 -2.886155 12.360581 -2.886155 9.732834 
