-31.0000 -39.0000 -18.9500 -26.9500
  0.3000 -29.7000 -37.7000
  0.3000 -28.6500 -37.7000
  0.3000 -27.6000 -37.7000
  0.3000 -26.5500 -37.7000
  0.3000 -25.5000 -37.7000
  0.3000 -24.4500 -37.7000
  0.3000 -23.4000 -37.7000
  0.3000 -22.3500 -37.7000
  0.3000 -29.7000 -36.6500
  0.3000 -28.6500 -36.6500
  0.3000 -27.6000 -36.6500
  0.3000 -26.5500 -36.6500
  0.3000 -25.5000 -36.6500
  0.3000 -24.4500 -36.6500
  0.3000 -23.4000 -36.6500
  0.3000 -22.3500 -36.6500
  0.3000 -29.7000 -35.6000
  0.3000 -28.6500 -35.6000
  0.3000 -27.6000 -35.6000
  0.3000 -26.5500 -35.6000
  0.3000 -25.5000 -35.6000
  0.3000 -24.4500 -35.6000
  0.3000 -23.4000 -35.6000
  0.3000 -22.3500 -35.6000
  0.3000 -29.7000 -34.5500
  0.3000 -28.6500 -34.5500
  0.3000 -27.6000 -34.5500
  0.3000 -26.5500 -34.5500
  0.3000 -25.5000 -34.5500
  0.3000 -24.4500 -34.5500
  0.3000 -23.4000 -34.5500
  0.3000 -22.3500 -34.5500
  0.3000 -29.7000 -33.5000
  0.3000 -28.6500 -33.5000
  0.3000 -27.6000 -33.5000
  0.3000 -26.5500 -33.5000
  0.3000 -25.5000 -33.5000
  0.3000 -24.4500 -33.5000
  0.3000 -23.4000 -33.5000
  0.3000 -22.3500 -33.5000
  0.3000 -29.7000 -32.4500
  0.3000 -28.6500 -32.4500
  0.3000 -27.6000 -32.4500
  0.3000 -26.5500 -32.4500
  0.3000 -25.5000 -32.4500
  0.3000 -24.4500 -32.4500
  0.3000 -23.4000 -32.4500
  0.3000 -22.3500 -32.4500
  0.3000 -29.7000 -31.4000
  0.3000 -28.6500 -31.4000
