70
4 -40.000000 -41.000000 40.000000 -41.000000 40.000000 -40.000000 -40.000000 -40.000000 
4 -40.000000 40.000000 40.000000 40.000000 40.000000 41.000000 -40.000000 41.000000 
4 -41.000000 -41.000000 -40.000000 -41.000000 -40.000000 41.000000 -41.000000 41.000000 
4 40.000000 -41.000000 41.000000 -41.000000 41.000000 41.000000 40.000000 41.000000 
16 21.357096 -17.934942 20.543230 -18.688535 20.415115 -20.025709 21.209539 -21.108916 22.523412 -21.388535 23.690071 -20.722687 24.117552 -19.449224 23.681077 -18.429533 22.551725 -18.912947 22.803944 -19.502180 22.674479 -19.887856 22.321148 -20.089513 21.923234 -20.004828 21.682637 -19.676772 21.721438 -19.271800 22.191733 -18.836333 
4 21.905052 -7.465067 19.645829 -5.205844 17.386606 -7.465067 19.645829 -9.724290 
14 -12.642901 12.423424 -13.797664 11.949108 -14.417591 10.568806 -13.917538 9.140699 -12.571965 8.448619 -11.119403 8.872421 -10.490482 9.950805 -11.637396 10.619693 -11.999568 9.998692 -12.435543 9.871491 -12.839407 10.079214 -12.989494 10.507849 -12.803427 10.922137 -12.138443 11.195277 
5 -30.290204 32.917331 -31.397053 34.440779 -33.187973 33.858874 -33.187973 31.975789 -31.397053 31.393884 
5 -27.601548 28.257678 -29.106494 30.329057 -31.541546 29.537861 -31.541546 26.977495 -29.106494 26.186299 
10 -20.183661 14.524269 -22.868204 13.702056 -23.660823 10.359065 -21.177175 7.985182 -18.477326 8.755651 -19.078790 10.863277 -20.570785 10.437499 -21.238400 11.075609 -21.025341 11.974218 -19.541804 12.428591 
8 34.503318 18.929151 33.783151 20.667788 32.044514 21.387955 30.305877 20.667788 29.585710 18.929151 30.305877 17.190514 32.044514 16.470347 33.783151 17.190514 
6 -20.512985 36.997436 -21.289666 38.342688 -22.843029 38.342688 -23.619711 36.997436 -22.843029 35.652185 -21.289666 35.652185 
3 -17.757212 29.428978 -20.906896 31.247449 -20.906896 27.610507 
8 -0.774265 22.520438 -2.211728 20.412654 -0.567226 17.741340 1.962073 18.075555 1.725396 19.866703 0.357287 19.685924 -0.059147 20.362376 0.718383 21.502485 
14 7.926004 20.537864 9.653841 21.218078 10.776880 23.162786 10.444949 25.383806 8.802408 26.915198 6.563610 27.090950 5.024471 26.052122 6.269902 24.206877 7.164550 24.810711 7.853012 24.756665 8.358116 24.285741 8.460190 23.602746 8.114840 23.004721 7.110508 22.609336 
8 2.469442 -7.785905 1.910404 -6.436268 0.560768 -5.877230 -0.788869 -6.436268 -1.347907 -7.785905 -0.788869 -9.135542 0.560768 -9.694580 1.910404 -9.135542 
5 -9.060047 -25.975837 -10.597241 -23.860071 -13.084473 -24.668222 -13.084473 -27.283452 -10.597241 -28.091603 
6 12.046687 -21.625493 13.885308 -23.243458 16.042757 -22.084252 15.264175 -20.635199 14.113783 -21.253310 13.133395 -20.390580 
3 -14.466035 2.800856 -17.326826 4.452534 -17.326826 1.149178 
16 9.513684 -30.995209 8.261665 -30.785072 6.843277 -31.362418 5.939361 -32.598579 5.819231 -34.125250 6.518679 -35.487574 7.829311 -36.279661 9.098788 -36.267933 9.081734 -34.421915 8.335952 -34.428805 7.921763 -34.178488 7.700722 -33.747962 7.738685 -33.265500 8.024343 -32.874845 8.472586 -32.692390 9.208111 -32.815840 
10 11.989156 -2.544040 10.644269 -3.857265 10.546548 -6.133214 12.034028 -7.858583 13.903396 -8.055416 14.113975 -6.055496 13.036914 -5.942089 12.589848 -5.423525 12.619218 -4.739483 13.394093 -3.982851 
3 1.558024 -17.090120 -1.202343 -15.496422 -1.202343 -18.683819 
4 11.852255 -12.936470 9.978481 -11.062696 8.104708 -12.936470 9.978481 -14.810243 
16 -30.170556 21.393829 -29.899314 22.684550 -30.705785 24.063697 -32.229501 24.544042 -33.681105 23.876745 -34.308599 22.407496 -33.786912 20.897435 -32.630651 20.262932 -31.935393 21.529908 -32.602955 21.896235 -32.760590 22.352520 -32.570984 22.796473 -32.132363 22.998105 -31.671952 22.852963 -31.428266 22.436236 -31.584867 21.691043 
16 3.373547 -0.951539 3.331489 -1.654211 3.690812 -2.422613 4.373127 -2.926597 5.213211 -3.044122 6.007637 -2.746730 6.564031 -2.106433 6.716417 -1.419196 5.606203 -1.173020 5.516308 -1.578432 5.338605 -1.782933 5.084878 -1.877915 4.816568 -1.840380 4.598647 -1.679415 4.483885 -1.433999 4.508695 -1.019483 
8 26.443509 -32.353109 25.235934 -33.217969 25.100370 -35.019438 26.164915 -36.055280 27.123835 -35.069788 26.519738 -34.481979 26.558883 -33.961793 27.244146 -33.471010 
6 24.074070 7.077853 22.896672 10.580089 19.533075 9.050993 20.283110 7.401119 21.818680 8.099191 22.356192 6.500329 
14 1.181174 -22.899895 -0.128599 -23.822335 -0.356694 -25.755248 0.930017 -27.215576 2.876266 -27.232648 4.188397 -25.795118 4.028593 -24.201110 2.493673 -24.354990 2.584783 -25.263782 2.201172 -25.684053 1.632173 -25.679062 1.255995 -25.252125 1.322680 -24.687026 2.069420 -24.161115 
8 16.391963 26.713747 15.979686 27.709070 14.984363 28.121347 13.989039 27.709070 13.576763 26.713747 13.989039 25.718424 14.984363 25.306147 15.979686 25.718424 
12 -10.437359 24.810883 -11.970290 25.021052 -13.614671 24.131665 -14.415928 22.442587 -14.064480 20.606428 -12.931962 19.552174 -11.589101 20.994724 -12.249924 21.609880 -12.359074 22.180140 -12.110226 22.704720 -11.599527 22.980938 -10.705063 22.858305 
8 14.235450 3.547349 13.889021 4.383703 13.052667 4.730132 12.216313 4.383703 11.869884 3.547349 12.216313 2.710995 13.052667 2.364566 13.889021 2.710995 
4 37.068714 -19.605072 35.762891 -18.299249 34.457068 -19.605072 35.762891 -20.910895 
8 -20.139589 20.943833 -20.732661 22.375635 -22.164463 22.968707 -23.596265 22.375635 -24.189337 20.943833 -23.596265 19.512030 -22.164463 18.918958 -20.732661 19.512030 
12 -0.640695 28.296620 -1.729283 27.644687 -2.154764 26.167106 -1.457772 24.796529 -0.013116 24.269986 1.154942 24.765645 0.622187 26.021125 -0.051081 25.735428 -0.485740 25.893851 -0.695446 26.306221 -0.567430 26.750786 0.060031 27.126559 
8 19.979949 15.247187 19.495618 16.416463 18.326342 16.900794 17.157065 16.416463 16.672735 15.247187 17.157065 14.077910 18.326342 13.593580 19.495618 14.077910 
6 -21.384951 -1.199190 -22.141725 0.111581 -23.655274 0.111581 -24.412048 -1.199190 -23.655274 -2.509961 -22.141725 -2.509961 
16 -32.201030 -26.070193 -31.726735 -25.789594 -31.353165 -25.241314 -31.247704 -24.586300 -31.430307 -23.948475 -31.866425 -23.448509 -32.473550 -23.180992 -33.024480 -23.193903 -33.000849 -24.202252 -32.674593 -24.194606 -32.478781 -24.280886 -32.338123 -24.442137 -32.279229 -24.647850 -32.313243 -24.859107 -32.433728 -25.035940 -32.714601 -25.202108 
6 -2.910311 11.518335 -3.618794 12.745464 -5.035760 12.745464 -5.744244 11.518335 -5.035760 10.291206 -3.618794 10.291206 
7 11.333186 -23.862521 10.690957 -22.528919 9.247882 -22.199546 8.090626 -23.122427 8.090626 -24.602614 9.247882 -25.525495 10.690957 -25.196122 
4 -33.871947 12.514928 -35.978735 14.621715 -38.085522 12.514928 -35.978735 10.408140 
6 -3.776006 16.773403 -4.645967 18.280220 -6.385890 18.280220 -7.255851 16.773403 -6.385890 15.266585 -4.645967 15.266585 
8 -17.417132 -9.211715 -17.797628 -8.293116 -18.716227 -7.912620 -19.634827 -8.293116 -20.015323 -9.211715 -19.634827 -10.130314 -18.716227 -10.510810 -17.797628 -10.130314 
5 -25.307624 0.871925 -26.550485 2.582576 -28.561476 1.929165 -28.561476 -0.185316 -26.550485 -0.838726 
6 -31.294443 -16.773403 -29.411757 -18.383664 -28.285486 -16.177092 -29.286254 -15.666283 -29.764569 -16.603390 -30.564125 -15.919530 
16 -36.164246 -16.619826 -36.795144 -17.610392 -36.647220 -19.022949 -35.652619 -20.036837 -34.243164 -20.211859 -33.030791 -19.472028 -32.541872 -18.138553 -32.911332 -17.023764 -34.249001 -17.467091 -34.034234 -18.115117 -34.184607 -18.525242 -34.557485 -18.752786 -34.990979 -18.698956 -35.296880 -18.387123 -35.342375 -17.952676 -34.975635 -17.376860 
8 -6.759633 -18.731969 -7.094900 -17.922563 -7.904306 -17.587296 -8.713712 -17.922563 -9.048979 -18.731969 -8.713712 -19.541375 -7.904306 -19.876642 -7.094900 -19.541375 
5 -25.073171 9.156033 -26.790995 11.520414 -29.570493 10.617301 -29.570493 7.694764 -26.790995 6.791651 
12 -17.069852 -15.474791 -17.204062 -16.341978 -16.647797 -17.246742 -15.637889 -17.575552 -14.655567 -17.171727 -14.253489 -16.391754 -15.145736 -15.931798 -15.378667 -16.383651 -15.678133 -16.506759 -15.986008 -16.406520 -16.155588 -16.130698 -16.077837 -15.628320 
5 37.142467 2.217886 35.796101 4.071000 33.617635 3.363174 33.617635 1.072599 35.796101 0.364772 
5 31.320515 5.807101 29.900044 7.762211 27.601674 7.015426 27.601674 4.598776 29.900044 3.851990 
8 -22.785923 -20.242445 -23.336412 -18.913447 -24.665410 -18.362958 -25.994408 -18.913447 -26.544897 -20.242445 -25.994408 -21.571443 -24.665410 -22.121932 -23.336412 -21.571443 
6 11.277611 11.918465 8.361707 14.896441 5.801736 11.607462 7.384266 10.375703 8.534530 11.853529 9.844724 10.515445 
3 -16.313840 -25.000763 -19.066631 -23.411439 -19.066631 -26.590088 
12 -4.011869 3.527392 -6.093843 3.658491 -8.058246 2.068203 -8.428025 -0.432029 -7.008051 -2.522860 -4.977261 -3.000030 -4.459351 -0.795858 -5.630880 -0.520586 -6.059049 0.109868 -5.947548 0.863771 -5.355216 1.343295 -4.154160 1.267666 
8 23.646250 -25.990943 23.273615 -25.091323 22.373996 -24.718689 21.474376 -25.091323 21.101741 -25.990943 21.474376 -26.890563 22.373996 -27.263197 23.273615 -26.890563 
6 -2.582046 -27.654713 -3.105426 -26.748193 -4.152186 -26.748193 -4.675566 -27.654713 -4.152186 -28.561234 -3.105426 -28.561234 
4 13.871499 14.744942 12.469230 16.147211 11.066962 14.744942 12.469230 13.342673 
8 9.810693 -8.304149 9.223055 -6.885466 7.804371 -6.297828 6.385688 -6.885466 5.798050 -8.304149 6.385688 -9.722833 7.804371 -10.310471 9.223055 -9.722833 
12 -11.981300 -14.407364 -9.593135 -15.050412 -7.019961 -13.505065 -6.347057 -10.579911 -7.986329 -8.065531 -10.415426 -7.600413 -10.882917 -10.041906 -9.491622 -10.308307 -9.006516 -11.052381 -9.205647 -11.918015 -9.967120 -12.375325 -11.334971 -12.007012 
8 -34.931953 29.013903 -35.329473 29.973601 -36.289171 30.371121 -37.248870 29.973601 -37.646390 29.013903 -37.248870 28.054204 -36.289171 27.656684 -35.329473 28.054204 
8 29.967339 -9.108737 26.428869 -11.324686 28.870206 -15.957754 32.698524 -14.291866 31.785510 -12.193700 29.904534 -13.012204 29.443259 -12.136815 31.181823 -11.048048 
8 19.243884 -28.375901 17.791632 -29.378923 18.617218 -31.410967 20.357512 -31.116910 20.179588 -30.063919 19.284100 -30.215229 19.103505 -29.770725 19.850778 -29.254608 
4 6.383386 -20.596392 4.782869 -18.995875 3.182352 -20.596392 4.782869 -22.196909 
12 -2.258755 38.408593 -2.966191 36.678006 -2.413839 34.487477 -0.669695 33.051693 1.586148 32.930510 3.148568 33.957273 1.846840 35.938107 0.935423 35.339159 0.235324 35.376768 -0.305970 35.822362 -0.477392 36.502192 -0.064718 37.511706 
14 19.826547 -2.538379 20.703374 -3.142580 21.972981 -3.323477 23.190188 -2.919707 24.099967 -2.015868 24.511702 -0.801331 24.368406 0.253824 22.534269 0.004737 22.619003 -0.619199 22.486703 -1.009459 22.194369 -1.299885 21.803250 -1.429626 21.395295 -1.371499 20.876807 -1.014222 
5 -32.179043 -8.907606 -33.052442 -7.705475 -34.465632 -8.164648 -34.465632 -9.650563 -33.052442 -10.109736 
6 22.033972 3.413691 20.481648 5.462063 17.963106 4.949735 18.334515 3.123931 19.704571 3.402631 20.549016 2.288342 
8 -3.355164 -33.370761 -3.888518 -32.083131 -5.176148 -31.549778 -6.463777 -32.083131 -6.997131 -33.370761 -6.463777 -34.658391 -5.176148 -35.191745 -3.888518 -34.658391 
8 -4.931390 27.170538 -2.683110 29.604331 -4.158195 33.395117 -7.460166 33.669176 -7.659898 31.262723 -5.861448 31.113454 -5.480575 30.134658 -6.705122 28.809069 
6 29.670154 13.713254 28.426480 15.867360 25.939133 15.867360 24.695460 13.713254 25.939133 11.559149 28.426480 11.559149 
