81
4 -40.000000 -41.000000 40.000000 -41.000000 40.000000 -40.000000 -40.000000 -40.000000 
4 -40.000000 40.000000 40.000000 40.000000 40.000000 41.000000 -40.000000 41.000000 
4 -41.000000 -41.000000 -40.000000 -41.000000 -40.000000 41.000000 -41.000000 41.000000 
4 40.000000 -41.000000 41.000000 -41.000000 41.000000 41.000000 40.000000 41.000000 
10 15.198236 11.195321 16.813144 10.900502 17.902263 12.603526 16.738548 14.256473 15.138335 13.890189 15.390882 12.786866 16.250444 12.983617 16.539365 12.573231 16.268964 12.150413 15.401509 12.308776 
10 -26.389861 30.385812 -26.280842 28.828749 -24.805543 27.638867 -22.929673 27.909855 -22.041716 29.193547 -23.303723 30.066504 -23.811133 29.332957 -24.362877 29.253252 -24.796803 29.603228 -24.859100 30.492989 
10 -32.871194 -12.135175 -33.248470 -10.134282 -35.625947 -9.376699 -37.421703 -11.109210 -36.873436 -13.070157 -35.391395 -12.655789 -35.692416 -11.579149 -35.218286 -11.121718 -34.590565 -11.321741 -34.383425 -12.420312 
3 -7.725699 21.313844 -10.037241 22.648413 -10.037241 19.979275 
5 -2.560374 6.093855 -3.633036 7.570249 -5.368641 7.006317 -5.368641 5.181394 -3.633036 4.617462 
6 2.836274 -17.101982 5.451724 -20.364212 7.722367 -16.853243 6.205823 -15.872451 5.294773 -17.281157 4.245377 -15.972253 
3 -20.510279 19.702088 -23.359620 21.347156 -23.359620 18.057020 
14 27.122148 -9.639642 26.053816 -9.261425 24.824412 -9.878229 24.417265 -11.192046 25.082434 -12.395971 26.411392 -12.750590 27.380801 -12.163542 26.791775 -11.190865 26.236632 -11.527045 25.843539 -11.422152 25.646788 -11.066043 25.767218 -10.677429 26.130864 -10.494984 26.742656 -10.711574 
10 21.381317 -18.923992 23.370053 -20.825141 26.442670 -19.391030 26.220856 -16.007474 23.597203 -15.179292 23.034136 -16.963066 24.438003 -17.406211 24.492468 -18.237019 23.738009 -18.589155 22.673874 -17.571886 
4 -25.059755 -19.856829 -26.165502 -18.751082 -27.271250 -19.856829 -26.165502 -20.962577 
7 36.379279 12.736504 35.771534 13.998499 34.405944 14.310186 33.310825 13.436858 33.310825 12.036149 34.405944 11.162821 35.771534 11.474508 
7 -1.912791 -5.435471 -2.753596 -3.689522 -4.642867 -3.258308 -6.157945 -4.466542 -6.157945 -6.404399 -4.642867 -7.612633 -2.753596 -7.181420 
12 36.979883 16.641536 37.923637 16.972449 38.443180 18.068852 38.028843 19.209182 36.926651 19.716329 35.990600 19.364217 36.350143 18.408413 36.887126 18.610409 37.214652 18.459705 37.337776 18.120846 37.183389 17.795040 36.641987 17.605205 
8 -6.362191 12.366893 -7.209796 13.083528 -8.535185 12.821625 -9.046506 11.836460 -8.157191 11.374886 -7.867969 11.932131 -7.488538 12.007108 -7.009102 11.601754 
7 4.500894 -7.268642 3.935582 -6.094759 2.665336 -5.804833 1.646679 -6.617186 1.646679 -7.920097 2.665336 -8.732450 3.935582 -8.442525 
4 -13.002647 -8.606374 -14.774746 -6.834275 -16.546845 -8.606374 -14.774746 -10.378473 
7 30.680068 8.230045 29.798825 10.059963 27.818692 10.511916 26.230748 9.245573 26.230748 7.214517 27.818692 5.948174 29.798825 6.400126 
14 -20.834416 0.549353 -21.470408 -0.110645 -21.573798 -1.214310 -20.966255 -2.141487 -19.913080 -2.487299 -18.874168 -2.100740 -18.402054 -1.315124 -19.341955 -0.750292 -19.616340 -1.206878 -19.935703 -1.325707 -20.259451 -1.219404 -20.446211 -0.934388 -20.414429 -0.595120 -20.044801 -0.211540 
6 18.069690 19.713660 16.131359 19.441941 15.618816 17.552958 16.938425 17.194905 17.214698 18.213115 18.259507 18.359578 
14 -13.984714 29.727588 -12.964876 28.833060 -11.353743 28.548189 -9.828354 29.139870 -8.830726 30.436650 -8.649947 32.062755 -9.220764 33.293372 -11.035726 32.451508 -10.700182 31.728112 -10.757402 31.213420 -11.073169 30.802965 -11.555983 30.615687 -12.065936 30.705854 -12.665430 31.231686 
5 24.269127 12.951523 23.441086 14.091224 22.101287 13.655897 22.101287 12.247149 23.441086 11.811822 
16 -11.935669 -27.816409 -12.809371 -29.345299 -12.553548 -31.457871 -11.087230 -33.000049 -8.990236 -33.362016 -7.091773 -32.400642 -6.142542 -30.496078 -6.453147 -28.762761 -8.634970 -29.153736 -8.453861 -30.164408 -8.748127 -30.754832 -9.336660 -31.052863 -9.986739 -30.940651 -10.441305 -30.462568 -10.520611 -29.807661 -10.011168 -28.916187 
12 29.023122 -5.414346 28.071861 -4.239228 26.234500 -4.420610 25.375854 -6.055088 26.269070 -7.670934 27.776461 -7.787429 27.872075 -6.550238 27.031505 -6.485277 26.785416 -6.040096 27.021981 -5.589782 27.528191 -5.539810 28.058644 -6.195093 
4 12.582438 20.433643 10.474041 22.542040 8.365644 20.433643 10.474041 18.325245 
7 -14.987870 6.840206 -15.671449 8.259673 -17.207438 8.610253 -18.439206 7.627951 -18.439206 6.052461 -17.207438 5.070159 -15.671449 5.420738 
4 35.263378 -15.645698 33.953478 -14.335799 32.643579 -15.645698 33.953478 -16.955597 
8 7.868324 2.386937 7.170601 4.071389 5.486149 4.769112 3.801698 4.071389 3.103975 2.386937 3.801698 0.702486 5.486149 0.004763 7.170601 0.702486 
6 19.782923 17.531742 23.380882 17.607992 21.767893 20.825039 20.471639 20.175113 21.056258 19.009114 19.752199 18.981477 
12 -28.894760 35.753767 -29.876625 36.606794 -31.402262 36.162758 -31.855174 34.639733 -30.820082 33.434196 -29.531646 33.612088 -29.676247 34.659404 -30.393535 34.560370 -30.677437 34.891021 -30.553214 35.308752 -30.134767 35.430541 -29.588150 34.955650 
8 2.999594 11.209420 5.636468 13.993859 2.705264 17.775799 -0.648916 15.916855 0.425318 13.978563 2.117642 14.916479 2.720954 14.138065 1.390541 12.733199 
3 37.747514 -1.388278 35.101018 0.139677 35.101018 -2.916234 
10 17.213499 -32.160020 17.085407 -33.498023 18.105906 -34.768733 19.723533 -34.967240 20.793596 -34.153837 19.942975 -33.034812 19.327712 -33.502501 18.844140 -33.443160 18.539073 -33.063295 18.612723 -32.293972 
6 36.646442 -9.071304 35.975232 -7.908733 34.632811 -7.908733 33.961601 -9.071304 34.632811 -10.233874 35.975232 -10.233874 
3 21.548076 -15.941814 19.567613 -14.798393 19.567613 -17.085235 
6 -32.668495 22.396660 -33.298963 23.488662 -34.559898 23.488662 -35.190366 22.396660 -34.559898 21.304657 -33.298963 21.304657 
6 36.230105 -25.569903 34.931725 -22.013929 31.913661 -24.299106 32.913699 -25.619869 34.144463 -24.687976 34.673942 -26.138099 
7 13.021391 4.603486 12.437480 5.815990 11.125443 6.115454 10.073271 5.276375 10.073271 3.930597 11.125443 3.091518 12.437480 3.390981 
3 9.546085 26.892451 7.775314 27.914805 7.775314 25.870096 
12 16.849655 -0.811460 17.190945 0.108744 16.870352 1.250343 15.939517 1.984902 14.754665 2.031310 13.939018 1.485440 14.637731 0.441414 15.113796 0.760020 15.482051 0.745597 15.771355 0.517295 15.870996 0.162484 15.671796 -0.374609 
3 4.195354 37.022235 2.021981 38.277032 2.021981 35.767437 
3 16.430831 25.745244 13.074947 27.682764 13.074947 23.807724 
14 -19.049765 34.644419 -20.383396 34.996642 -21.896618 34.292487 -22.609818 32.783507 -22.193294 31.167282 -20.839599 30.190970 -19.463514 30.285959 -19.573881 31.884831 -20.371993 31.829739 -20.785910 32.128263 -20.913269 32.622453 -20.695196 33.083851 -20.232501 33.299159 -19.459011 33.094875 
5 3.282106 -27.755671 1.564566 -25.391681 -1.214470 -26.294644 -1.214470 -29.216697 1.564566 -30.119660 
14 -4.652158 -11.556100 -5.773249 -10.488624 -7.634315 -10.292229 -9.229116 -11.271385 -9.896069 -13.019902 -9.358497 -14.812429 -8.101911 -15.716496 -6.991480 -14.173080 -7.723056 -13.646738 -7.889050 -13.093234 -7.683105 -12.553319 -7.190656 -12.250971 -6.615988 -12.311615 -5.963296 -12.933092 
5 -19.355600 -20.900370 -20.737559 -18.998267 -22.973615 -19.724806 -22.973615 -22.075934 -20.737559 -22.802473 
5 -9.958979 -5.395491 -11.121500 -3.795418 -13.002499 -4.406591 -13.002499 -6.384391 -11.121500 -6.995564 
8 -26.097947 8.023581 -24.136142 8.731767 -23.237206 11.102867 -24.236435 12.933645 -25.954732 11.995807 -25.386743 10.955145 -25.647480 10.267406 -26.762622 9.864855 
6 -25.952551 -14.188858 -22.669089 -14.680125 -22.669856 -11.360115 -24.253907 -11.360481 -24.253565 -12.841375 -25.718156 -12.622245 
7 -14.850101 -29.114773 -15.251726 -28.280789 -16.154170 -28.074812 -16.877874 -28.651947 -16.877874 -29.577599 -16.154170 -30.154734 -15.251726 -29.948757 
10 36.051399 -17.057822 35.284184 -18.206676 36.056918 -19.711977 37.748025 -19.768606 38.459730 -18.584561 37.554282 -18.040315 37.162579 -18.691982 36.713077 -18.676930 36.507681 -18.276816 36.929937 -17.644517 
3 -27.767118 -6.232318 -29.737867 -5.094506 -29.737867 -7.370131 
14 -0.553713 30.751371 -1.180218 30.278394 -1.474968 29.377412 -1.202260 28.469515 -0.459825 27.880076 0.486261 27.820339 1.157566 28.227234 0.618991 29.115788 0.226432 28.877848 -0.069044 28.896505 -0.300916 29.080595 -0.386087 29.364144 -0.294033 29.645533 0.072329 29.922115 
3 17.481856 -21.256427 15.152589 -19.911624 15.152589 -22.601230 
8 -29.844519 15.423678 -30.172050 16.214409 -30.962781 16.541940 -31.753512 16.214409 -32.081043 15.423678 -31.753512 14.632947 -30.962781 14.305416 -30.172050 14.632947 
14 13.969900 -25.881647 12.026188 -25.866496 10.421351 -27.598114 10.618861 -29.950770 12.489946 -31.390578 14.814693 -30.978808 15.854297 -29.336411 14.256786 -28.325219 13.663410 -29.262653 12.981734 -29.383394 12.433083 -28.961205 12.375168 -28.271345 12.845748 -27.763589 13.955163 -27.772237 
4 12.578261 9.362704 10.916312 11.024653 9.254363 9.362704 10.916312 7.700755 
6 -19.201347 -6.173616 -19.944862 -4.885809 -21.431894 -4.885809 -22.175410 -6.173616 -21.431894 -7.461424 -19.944862 -7.461424 
6 23.945061 6.993318 23.122984 8.417198 21.478829 8.417198 20.656751 6.993318 21.478829 5.569438 23.122984 5.569438 
3 -13.644604 -17.872719 -15.780756 -16.639411 -15.780756 -19.106027 
6 29.817783 0.663079 28.841508 2.354037 26.888959 2.354037 25.912684 0.663079 26.888959 -1.027878 28.841508 -1.027878 
3 -33.466674 -18.013730 -35.530288 -16.822302 -35.530288 -19.205159 
6 0.984204 -15.790933 0.148271 -14.343054 -1.523595 -14.343054 -2.359528 -15.790933 -1.523595 -17.238811 0.148271 -17.238811 
7 1.701754 22.608482 1.009748 24.045448 -0.545176 24.400349 -1.792129 23.405937 -1.792129 21.811026 -0.545176 20.816614 1.009748 21.171515 
6 10.469331 32.241592 7.040808 34.470157 4.395943 31.351509 6.166053 29.850314 7.489215 31.410498 9.204422 30.295601 
12 -32.412333 7.473069 -33.159013 8.004254 -34.265299 7.935506 -35.081992 7.186102 -35.245376 6.089789 -34.780195 5.300300 -33.845143 5.851249 -34.115311 6.309768 -34.065177 6.646172 -33.814575 6.876126 -33.475111 6.897221 -33.041455 6.588720 
3 -16.958564 1.949218 -18.630142 2.914304 -18.630142 0.984132 
5 19.825393 -11.527891 18.233984 -9.337504 15.659030 -10.174157 15.659030 -12.881625 18.233984 -13.718278 
6 -14.341171 24.544656 -15.172502 25.984564 -16.835165 25.984564 -17.666496 24.544656 -16.835165 23.104748 -15.172502 23.104748 
8 30.207938 19.832167 27.721407 19.653185 26.800465 16.722793 28.737585 15.153578 29.808923 16.476093 28.771198 17.316730 28.998086 18.038675 30.330133 18.134557 
14 26.099396 -23.027043 24.958455 -24.099224 24.453764 -25.918892 24.967182 -27.736117 26.349466 -29.022660 28.198809 -29.404544 29.673662 -28.879064 28.899898 -26.707355 28.032991 -27.016228 27.447742 -26.895376 27.010300 -26.488232 26.847822 -25.913147 27.007538 -25.337289 27.678174 -24.707070 
6 -31.981758 -31.403053 -32.691114 -30.174411 -34.109828 -30.174411 -34.819184 -31.403053 -34.109828 -32.631694 -32.691114 -32.631694 
6 -6.169513 2.549888 -7.016918 4.017636 -8.711727 4.017636 -9.559131 2.549888 -8.711727 1.082140 -7.016918 1.082140 
8 14.228610 15.688129 13.802483 16.716891 12.773721 17.143018 11.744958 16.716891 11.318831 15.688129 11.744958 14.659366 12.773721 14.233239 13.802483 14.659366 
8 -26.584426 3.819336 -27.215741 5.343465 -28.739871 5.974781 -30.264001 5.343465 -30.895316 3.819336 -30.264001 2.295206 -28.739871 1.663891 -27.215741 2.295206 
8 7.504696 -24.885135 8.917673 -24.415467 9.413498 -22.667119 8.457444 -21.525604 7.506327 -22.322194 8.040783 -22.960327 7.903253 -23.445277 7.113366 -23.707832 
10 -4.612672 -27.509227 -2.843082 -25.566313 -3.343640 -22.407088 -6.123002 -20.823925 -8.565372 -21.794078 -7.688581 -24.001409 -6.306875 -23.452570 -5.510872 -23.905985 -5.367513 -24.810779 -6.368612 -25.909932 
6 12.895171 -19.030328 12.214390 -17.851180 10.852827 -17.851180 10.172046 -19.030328 10.852827 -20.209475 12.214390 -20.209475 
