22
4 -40.000000 -41.000000 40.000000 -41.000000 40.000000 -40.000000 -40.000000 -40.000000 
4 -40.000000 40.000000 40.000000 40.000000 40.000000 41.000000 -40.000000 41.000000 
4 -41.000000 -41.000000 -40.000000 -41.000000 -40.000000 41.000000 -41.000000 41.000000 
4 40.000000 -41.000000 41.000000 -41.000000 41.000000 41.000000 40.000000 41.000000 
4 0.500000 32.000000 0.500000 40.000000 -0.500000 40.000000 -0.500000 32.000000 
4 -0.500000 -32.000000 -0.500000 -40.000000 0.500000 -40.000000 0.500000 -32.000000 
6 2.246798 7.146340 -0.533551 7.490611 -3.237034 6.755730 -2.974724 5.790746 -0.461139 6.474008 2.123913 6.153919 
6 -7.146340 2.246798 -7.490611 -0.533551 -6.755730 -3.237034 -5.790746 -2.974724 -6.474008 -0.461139 -6.153919 2.123913 
6 -2.246798 -7.146340 0.533551 -7.490611 3.237034 -6.755730 2.974724 -5.790746 0.461139 -6.474008 -2.123913 -6.153919 
6 7.146340 -2.246798 7.490611 0.533551 6.755730 3.237034 5.790746 2.974724 6.474008 0.461139 6.153919 -2.123913 
6 -5.353470 16.636363 -14.016599 10.520196 -17.469536 0.493506 -16.524031 0.167898 -13.176185 9.889422 -4.776723 15.819441 
6 -16.636363 -5.353470 -10.520196 -14.016599 -0.493506 -17.469536 -0.167898 -16.524031 -9.889422 -13.176185 -15.819441 -4.776723 
6 5.353470 -16.636363 14.016599 -10.520196 17.469536 -0.493506 16.524031 -0.167898 13.176185 -9.889422 4.776723 -15.819441 
6 16.636363 5.353470 10.520196 14.016599 0.493506 17.469536 0.167898 16.524031 9.889422 13.176185 15.819441 4.776723 
6 -22.421767 15.872068 -27.467649 -1.871388 -20.061820 -18.766502 -19.145946 -18.365036 -26.407458 -1.799157 -21.459905 15.598534 
6 -15.872068 -22.421767 1.871388 -27.467649 18.766502 -20.061820 18.365036 -19.145946 1.799157 -26.407458 -15.598534 -21.459905 
6 22.421767 -15.872068 27.467649 1.871388 20.061820 18.766502 19.145946 18.365036 26.407458 1.799157 21.459905 -15.598534 
6 15.872068 22.421767 -1.871388 27.467649 -18.766502 20.061820 -18.365036 19.145946 -1.799157 26.407458 15.598534 21.459905 
6 -34.603556 -14.371036 -17.006396 -33.459513 8.785832 -36.424469 8.900035 -35.431012 -16.523024 -32.508494 -33.868312 -13.693234 
6 14.371036 -34.603556 33.459513 -17.006396 36.424469 8.785832 35.431012 8.900035 32.508494 -16.523024 13.693234 -33.868312 
6 34.603556 14.371036 17.006396 33.459513 -8.785832 36.424469 -8.900035 35.431012 16.523024 32.508494 33.868312 13.693234 
6 -14.371036 34.603556 -33.459513 17.006396 -36.424469 -8.785832 -35.431012 -8.900035 -32.508494 16.523024 -13.693234 33.868312 
