73
4 -40.000000 -41.000000 40.000000 -41.000000 40.000000 -40.000000 -40.000000 -40.000000 
4 -40.000000 40.000000 40.000000 40.000000 40.000000 41.000000 -40.000000 41.000000 
4 -41.000000 -41.000000 -40.000000 -41.000000 -40.000000 41.000000 -41.000000 41.000000 
4 40.000000 -41.000000 41.000000 -41.000000 41.000000 41.000000 40.000000 41.000000 
6 28.445729 16.962334 23.750466 17.442745 24.706487 12.820807 26.720005 13.237292 26.332294 15.111702 28.236441 14.916873 
12 -5.927687 20.239502 -6.065397 18.971790 -5.161861 17.719132 -3.652197 17.392872 -2.312019 18.160632 -1.913949 19.372076 -3.247082 19.810132 -3.476988 19.110463 -3.882314 18.878259 -4.338901 18.976934 -4.612168 19.355791 -4.532633 20.087958 
7 21.918366 -21.436398 21.478124 -20.522225 20.488909 -20.296444 19.695620 -20.929070 19.695620 -21.943725 20.488909 -22.576351 21.478124 -22.350570 
8 38.017816 -7.802297 37.308263 -6.089285 35.595251 -5.379732 33.882239 -6.089285 33.172686 -7.802297 33.882239 -9.515309 35.595251 -10.224862 37.308263 -9.515309 
12 23.348297 -33.267519 25.727938 -32.881961 27.269548 -30.389929 26.397485 -27.592379 23.712892 -26.417755 21.535673 -27.452678 22.513477 -29.509733 23.752047 -28.920990 24.532351 -29.262406 24.785825 -30.075543 24.337741 -30.799878 22.984018 -31.019213 
7 -23.839823 -4.756749 -24.767698 -2.829997 -26.852615 -2.354128 -28.524588 -3.687482 -28.524588 -5.826017 -26.852615 -7.159371 -24.767698 -6.683502 
8 -6.263211 -21.842055 -6.656391 -20.892834 -7.605612 -20.499654 -8.554833 -20.892834 -8.948013 -21.842055 -8.554833 -22.791275 -7.605612 -23.184456 -6.656391 -22.791275 
6 -16.445386 -14.500391 -17.010407 -13.521746 -18.140448 -13.521746 -18.705469 -14.500391 -18.140448 -15.479036 -17.010407 -15.479036 
6 -2.048088 -0.054477 -2.715377 1.101301 -4.049955 1.101301 -4.717244 -0.054477 -4.049955 -1.210255 -2.715377 -1.210255 
3 -13.584889 -7.346355 -16.883522 -5.441889 -16.883522 -9.250822 
10 2.684081 -22.434198 3.059709 -20.223910 0.904488 -18.520902 -1.623725 -19.594846 -1.844645 -21.825915 -0.149948 -21.993723 -0.028527 -20.767492 0.640930 -20.483117 1.211620 -20.934065 1.005169 -22.148875 
10 -19.739995 24.595344 -17.647322 24.243029 -16.074871 26.316190 -17.182655 28.670636 -19.302877 28.760454 -19.369986 27.176287 -18.208734 27.127094 -17.918220 26.509646 -18.330592 25.965964 -19.476756 26.158928 
8 13.018415 19.268325 12.354072 20.872192 10.750205 21.536536 9.146338 20.872192 8.481994 19.268325 9.146338 17.664458 10.750205 17.000114 12.354072 17.664458 
4 -21.119978 17.491726 -22.200361 18.572109 -23.280744 17.491726 -22.200361 16.411343 
4 -18.082628 20.902131 -20.123270 22.942773 -22.163912 20.902131 -20.123270 18.861489 
10 6.663466 -12.040726 8.265342 -11.517469 9.162991 -9.680052 8.469089 -7.756417 6.933114 -7.063173 6.233577 -8.613092 7.113678 -9.010315 7.319239 -9.580171 7.053320 -10.124486 6.135458 -10.424308 
14 -33.617898 14.776402 -32.770196 15.542128 -32.409495 16.872561 -32.825621 18.186713 -33.886361 19.067048 -35.254693 19.233861 -36.283257 18.736880 -35.583817 17.289301 -34.980468 17.580827 -34.549695 17.528311 -34.215756 17.251168 -34.084753 16.837451 -34.198308 16.418608 -34.695564 15.969439 
14 -37.109234 -17.297418 -37.853697 -17.716505 -38.328303 -18.631861 -38.223920 -19.657645 -37.574658 -20.458638 -36.592693 -20.773079 -35.769290 -20.545334 -36.085254 -19.402980 -36.567923 -19.536482 -36.876516 -19.437665 -37.080554 -19.185944 -37.113358 -18.863581 -36.964208 -18.575920 -36.527811 -18.330256 
4 -35.175660 8.255903 -36.573754 9.653997 -37.971849 8.255903 -36.573754 6.857808 
6 20.953172 17.577447 20.183013 18.911402 18.642695 18.911402 17.872535 17.577447 18.642695 16.243492 20.183013 16.243492 
12 -12.669158 -3.168216 -12.050668 -4.504383 -10.459700 -5.304012 -8.716668 -4.940105 -7.578545 -3.570702 -7.546342 -2.098685 -9.312413 -2.060049 -9.331133 -2.915724 -9.681167 -3.336889 -10.217242 -3.448809 -10.706550 -3.202881 -11.066075 -2.426175 
6 32.328143 8.704620 31.816752 9.590376 30.793969 9.590376 30.282578 8.704620 30.793969 7.818864 31.816752 7.818864 
6 17.813454 4.882204 17.312568 5.749764 16.310796 5.749764 15.809911 4.882204 16.310796 4.014644 17.312568 4.014644 
7 12.992156 5.654114 12.518587 6.637490 11.454487 6.880364 10.601145 6.199847 10.601145 5.108382 11.454487 4.427864 12.518587 4.670738 
6 5.673967 20.844875 4.613910 22.680947 2.493797 22.680947 1.433741 20.844875 2.493797 19.008803 4.613910 19.008803 
10 -32.457606 -2.254659 -33.723528 -2.217951 -34.816890 -3.298484 -34.790472 -4.835460 -33.859623 -5.694195 -33.001358 -4.763856 -33.534204 -4.272290 -33.542010 -3.818148 -33.218946 -3.498876 -32.494294 -3.519888 
10 -10.406098 -14.753809 -8.653189 -16.088648 -6.016824 -15.633384 -4.555180 -13.392561 -5.087130 -11.254451 -7.190028 -11.777641 -6.886039 -12.999489 -7.316000 -13.658656 -8.091521 -13.792578 -9.093242 -13.029768 
7 13.589595 10.878643 12.954511 12.197410 11.527489 12.523118 10.383107 11.610503 10.383107 10.146783 11.527489 9.234169 12.954511 9.559877 
10 8.976038 23.149148 10.993714 23.138659 12.727642 24.866220 12.723923 27.313865 11.290248 28.733619 9.836417 27.265532 10.659099 26.450838 10.660206 25.722968 10.144578 25.209233 8.986779 25.215252 
5 37.648276 -0.129081 36.873318 0.937559 35.619408 0.530139 35.619408 -0.788300 36.873318 -1.195720 
3 -6.323340 35.954387 -7.985890 36.914261 -7.985890 34.994514 
8 23.595177 1.665825 23.211239 2.592734 22.284329 2.976672 21.357420 2.592734 20.973482 1.665825 21.357420 0.738915 22.284329 0.354977 23.211239 0.738915 
12 17.145879 -12.824176 18.025000 -12.771696 18.895415 -12.162717 19.318321 -11.188229 19.168601 -10.136534 18.606471 -9.458584 17.617093 -10.278938 17.947381 -10.677276 17.994715 -11.009769 17.861013 -11.317854 17.585832 -11.510382 17.069292 -11.541217 
16 30.738638 -8.640088 29.582839 -8.762286 28.468557 -9.612833 27.958774 -10.918655 28.202061 -12.299186 29.127514 -13.352081 30.465419 -13.770485 31.593364 -13.490226 31.181229 -11.831528 30.518270 -11.996253 30.094934 -11.863862 29.802104 -11.530708 29.725124 -11.093884 29.886428 -10.680699 30.239006 -10.411571 30.918337 -10.339748 
16 37.865000 -21.976023 36.662589 -20.825272 34.646536 -20.785225 33.135520 -22.120479 32.927219 -24.126142 34.131598 -25.743406 36.112853 -26.118505 37.526077 -25.239405 36.572127 -23.705854 35.756877 -24.212983 35.159492 -24.099884 34.796349 -23.612248 34.859156 -23.007504 35.314755 -22.604900 35.922633 -22.616975 36.616271 -23.280811 
6 18.778717 23.813247 15.907374 22.940007 17.642697 20.491371 18.700147 21.240775 18.004072 22.222974 19.155829 22.573249 
6 24.563727 -16.228595 23.906470 -15.090193 22.591957 -15.090193 21.934700 -16.228595 22.591957 -17.366997 23.906470 -17.366997 
6 -25.326539 26.583446 -30.475366 27.598725 -29.920528 22.380165 -27.640199 22.622610 -27.866050 24.746864 -25.770181 24.333587 
4 -13.644950 17.484104 -15.199676 19.038830 -16.754402 17.484104 -15.199676 15.929378 
8 -15.343483 32.306552 -15.839687 33.504495 -17.037630 34.000699 -18.235573 33.504495 -18.731778 32.306552 -18.235573 31.108608 -17.037630 30.612404 -15.839687 31.108608 
5 17.704419 0.316586 16.801891 1.558810 15.341570 1.084322 15.341570 -0.451150 16.801891 -0.925638 
8 5.991099 3.901755 6.604446 5.109500 5.703106 6.500898 4.350151 6.434884 4.401496 5.382584 5.148636 5.419039 5.390448 5.045755 5.051740 4.378803 
8 -3.003509 12.463654 -3.540981 13.761226 -4.838552 14.298698 -6.136124 13.761226 -6.673595 12.463654 -6.136124 11.166083 -4.838552 10.628611 -3.540981 11.166083 
3 -18.932742 3.007765 -22.573553 5.109788 -22.573553 0.905742 
14 -28.238669 11.248549 -29.322083 12.046545 -30.948054 12.043084 -32.253117 11.073236 -32.725429 9.517371 -32.179752 7.985695 -31.062843 7.235297 -30.114306 8.647120 -30.765724 9.084777 -30.934997 9.559914 -30.788483 10.042555 -30.383643 10.343409 -29.879255 10.344482 -29.247372 9.879065 
14 0.144011 37.251084 -1.157737 37.599190 -2.521199 36.692258 -2.742517 35.069737 -1.671763 33.830769 -0.034296 33.814667 0.866675 34.816652 -0.088662 35.675677 -0.601750 35.105063 -1.079042 35.109757 -1.391147 35.470893 -1.326637 35.943828 -0.929212 36.208182 -0.187889 36.009942 
12 32.599236 -34.287447 33.270744 -35.654685 35.048349 -36.168088 36.623873 -35.197941 36.965629 -33.379517 36.047037 -32.164424 34.867826 -33.055889 35.392000 -33.749256 35.291855 -34.282112 34.830176 -34.566396 34.309280 -34.415953 33.926099 -33.635768 
6 -32.815704 1.182758 -31.107168 2.462933 -31.993326 4.405268 -33.165603 3.870437 -32.710080 2.871992 -33.588341 2.213927 
6 -31.107910 -24.736778 -31.851080 -23.449569 -33.337420 -23.449569 -34.080590 -24.736778 -33.337420 -26.023986 -31.851080 -26.023986 
5 -8.355339 16.968964 -9.193851 18.123077 -10.550592 17.682245 -10.550592 16.255682 -9.193851 15.814850 
3 14.285291 -29.062791 11.324787 -27.353543 11.324787 -30.772039 
5 -19.948663 -9.871496 -21.312060 -7.994942 -23.518082 -8.711722 -23.518082 -11.031271 -21.312060 -11.748051 
16 -8.617272 14.030049 -9.165549 14.149748 -9.828245 14.019743 -10.384709 13.637099 -10.743293 13.064836 -10.844942 12.397201 -10.672914 11.744151 -10.326081 11.302968 -9.460061 11.983784 -9.665813 12.245507 -9.721542 12.457067 -9.688613 12.673353 -9.572446 12.858742 -9.392176 12.982702 -9.177490 13.024818 -8.852236 12.953809 
8 7.974573 28.723960 9.206425 31.652226 6.286571 34.272037 3.508485 32.731113 4.524726 30.898963 5.997987 31.716138 6.696647 31.089271 6.043378 29.536368 
7 1.372165 -29.173188 0.956437 -28.309919 0.022304 -28.096710 -0.726812 -28.694110 -0.726812 -29.652266 0.022304 -30.249666 0.956437 -30.036456 
12 25.142988 -2.979221 27.070150 -4.410355 29.908041 -3.723827 31.197271 -1.104126 30.009965 1.563317 27.700315 2.217240 27.096265 0.083737 28.406566 -0.287244 28.749163 -1.056932 28.377157 -1.812844 27.558286 -2.010941 26.464976 -1.199036 
8 2.794959 7.150221 2.160883 8.681016 0.630089 9.315092 -0.900706 8.681016 -1.534781 7.150221 -0.900706 5.619427 0.630089 4.985351 2.160883 5.619427 
12 6.392298 -15.295500 5.399195 -17.272763 6.193116 -19.834985 8.541477 -21.131322 11.132661 -20.437740 12.276572 -18.543726 10.280293 -17.338051 9.622094 -18.427854 8.846023 -18.635585 8.142679 -18.247326 7.904896 -17.479929 8.476321 -16.342225 
8 -25.751312 13.141332 -24.828126 9.872854 -20.681664 9.346680 -18.971363 12.280976 -21.016562 13.473052 -21.937911 11.892329 -22.975864 12.024043 -23.473190 13.784791 
12 -22.130818 35.152764 -21.864697 35.887263 -22.084480 36.804213 -22.772676 37.448796 -23.702033 37.608163 -24.417562 37.294592 -23.984828 36.307147 -23.565502 36.490911 -23.273636 36.440861 -23.057508 36.238429 -22.988485 35.950460 -23.144441 35.520018 
3 28.032969 -14.949045 26.193702 -13.887143 26.193702 -16.010946 
14 6.602977 -28.362052 5.254366 -28.511791 3.894145 -29.418225 3.102243 -30.848160 3.055618 -32.482067 3.764689 -33.954834 4.849097 -34.770453 6.221410 -32.945891 5.580825 -32.464087 5.353569 -31.992067 5.368513 -31.468403 5.622316 -31.010112 6.058264 -30.719601 6.854919 -30.631147 
6 -18.457725 -20.563552 -22.882375 -20.056747 -23.494417 -24.468071 -21.154814 -24.792676 -20.859735 -22.665881 -18.726516 -22.910222 
6 35.798082 14.375872 33.717624 12.373638 35.973385 10.571199 36.842782 11.659254 35.827087 12.470833 36.763849 13.372374 
16 16.161381 -32.031168 15.218086 -32.071024 14.257284 -32.681341 13.730452 -33.690339 13.778801 -34.827568 14.389371 -35.788210 15.398507 -36.314777 16.341780 -36.274426 16.279866 -34.827068 15.724479 -34.850826 15.403743 -34.683466 15.209684 -34.378143 15.194318 -34.016696 15.361762 -33.696004 15.667135 -33.502025 16.222535 -33.478559 
4 -25.445782 -21.507010 -26.869085 -20.083707 -28.292388 -21.507010 -26.869085 -22.930313 
10 -16.913818 -30.221170 -16.686423 -32.549693 -14.154636 -33.874331 -11.660003 -32.480985 -11.496339 -30.147118 -13.406723 -30.013150 -13.497946 -31.313998 -14.184393 -31.697405 -14.881064 -31.332904 -15.007810 -30.035036 
5 1.395649 -6.234412 0.399524 -4.863364 -1.212238 -5.387058 -1.212238 -7.081766 0.399524 -7.605459 
6 -34.699479 30.482573 -36.927869 27.808043 -34.653942 25.172119 -33.118998 26.496266 -34.270285 27.830832 -33.142054 29.184944 
