40
7 -31.165981 24.707981 -31.815991 26.057740 -33.276550 26.391103 -34.447827 25.457040 -34.447827 23.958921 -33.276550 23.024859 -31.815991 23.358222 
8 20.807281 -36.090504 23.159556 -36.592310 24.827040 -34.144372 23.498870 -32.139136 22.116967 -33.054441 22.830305 -34.131419 22.416467 -34.738952 21.153099 -34.469440 
16 9.555903 -30.798492 10.517782 -30.768347 11.460281 -30.089049 11.862041 -28.998940 11.585795 -27.870473 10.725927 -27.089207 9.576223 -26.922076 8.709185 -27.339645 9.275515 -28.515570 9.783186 -28.271073 10.143441 -28.323443 10.412878 -28.568250 10.499439 -28.921851 10.373549 -29.263433 10.078220 -29.476289 9.515018 -29.493940 
3 -3.544279 -31.916539 -6.122308 -30.428113 -6.122308 -33.404964 
7 12.699056 1.465853 12.279316 2.337451 11.336170 2.552718 10.579826 1.949553 10.579826 0.982153 11.336170 0.378988 12.279316 0.594255 
5 -10.444047 2.935508 -11.204422 3.982075 -12.434735 3.582322 -12.434735 2.288694 -11.204422 1.888941 
5 8.345032 8.803814 7.044716 10.593545 4.940761 9.909929 4.940761 7.697699 7.044716 7.014083 
14 -12.436864 29.373620 -13.175878 28.242961 -12.724443 26.664249 -11.235266 25.972527 -9.737721 26.645938 -9.266962 28.218996 -9.992059 29.358631 -11.067247 28.674539 -10.654827 28.026338 -10.791596 27.569319 -11.226676 27.373674 -11.659325 27.574639 -11.790480 28.033300 -11.370143 28.676396 
4 -8.157450 -18.731666 -9.937467 -16.951648 -11.717485 -18.731666 -9.937467 -20.511684 
8 -28.681288 2.815384 -29.227330 4.133645 -30.545591 4.679687 -31.863852 4.133645 -32.409894 2.815384 -31.863852 1.497123 -30.545591 0.951081 -29.227330 1.497123 
16 -28.192430 33.001488 -29.390101 32.367778 -30.101456 30.893120 -29.799945 29.283855 -28.602998 28.166735 -26.976781 27.976838 -25.554649 28.788122 -25.004979 30.026616 -26.576098 30.723912 -26.896753 30.001427 -27.338152 29.749622 -27.842894 29.808562 -28.214401 30.155292 -28.307983 30.654773 -28.087194 31.112475 -27.388523 31.482155 
10 -32.240253 35.249349 -32.004967 36.179472 -32.546198 37.207785 -33.636170 37.610671 -34.527790 37.256407 -34.137507 36.274134 -33.622505 36.478758 -33.292773 36.356879 -33.129043 36.045800 -33.264945 35.508558 
16 28.570003 -31.076593 28.457428 -30.064697 27.532021 -29.249363 26.298821 -29.268484 25.399136 -30.112117 25.300835 -31.341541 26.055038 -32.317414 27.057612 -32.494759 27.251555 -31.398354 26.672819 -31.295982 26.445024 -31.001236 26.474714 -30.629908 26.746449 -30.375103 27.118917 -30.369328 27.398421 -30.615586 27.463404 -31.199704 
3 -17.786009 25.870691 -19.422917 26.815760 -19.422917 24.925622 
3 13.565334 16.970051 11.278428 18.290397 11.278428 15.649705 
3 21.784019 -3.617109 20.257080 -2.735531 20.257080 -4.498687 
8 13.817355 27.742251 13.426815 28.685098 12.483967 29.075639 11.541120 28.685098 11.150579 27.742251 11.541120 26.799403 12.483967 26.408862 13.426815 26.799403 
16 27.225265 -11.683372 28.019174 -12.355089 29.241925 -12.628165 30.451791 -12.302721 31.372536 -11.453063 31.793935 -10.273184 31.619774 -9.032476 31.013873 -8.187266 29.607179 -9.195677 29.964972 -9.694784 30.020740 -10.092070 29.885804 -10.469878 29.590973 -10.741946 29.203563 -10.846157 28.812027 -10.758715 28.343213 -10.362058 
4 -12.888206 17.131287 -14.829481 19.072562 -16.770756 17.131287 -14.829481 15.190012 
5 35.355197 -21.909049 34.661991 -20.954932 33.540359 -21.319373 33.540359 -22.498726 34.661991 -22.863166 
8 12.571744 -4.626822 12.080362 -3.440521 10.894060 -2.949139 9.707759 -3.440521 9.216377 -4.626822 9.707759 -5.813123 10.894060 -6.304505 12.080362 -5.813123 
3 -35.227590 28.270969 -37.153685 29.383000 -37.153685 27.158938 
6 38.010165 18.393259 37.490028 19.294162 36.449755 19.294162 35.929618 18.393259 36.449755 17.492356 37.490028 17.492356 
4 -26.953411 -10.595051 -28.352057 -9.196404 -29.750704 -10.595051 -28.352057 -11.993697 
3 -27.339825 9.151178 -30.243474 10.827600 -30.243474 7.474755 
16 31.125259 -36.007782 31.011142 -35.128502 30.409609 -34.246063 29.474040 -33.731040 28.406696 -33.694774 27.438326 -34.145105 26.778283 -34.984678 26.604747 -35.854185 28.092410 -36.151093 28.194977 -35.637184 28.406804 -35.367740 28.717582 -35.223215 29.060124 -35.234854 29.360376 -35.400141 29.553426 -35.683341 29.620872 -36.203027 
4 33.578984 -30.655545 32.568086 -29.644647 31.557188 -30.655545 32.568086 -31.666442 
10 6.143976 -9.298418 5.050622 -8.838955 3.662459 -9.196771 2.774020 -10.321806 2.752280 -11.507578 4.221256 -11.534510 4.233920 -10.843785 4.508641 -10.495904 4.937887 -10.385260 5.574777 -10.652903 
16 35.377949 -30.062640 36.431708 -29.864794 37.268519 -28.873829 37.290971 -27.577002 36.488964 -26.557664 35.223265 -26.274343 34.063222 -26.854487 33.622983 -27.832107 34.774922 -28.350845 35.030512 -27.783268 35.386140 -27.605417 35.774158 -27.692273 36.020025 -28.004766 36.013142 -28.402327 35.756605 -28.706121 35.144824 -28.820985 
4 -7.685847 -5.626237 -8.773518 -4.538565 -9.861190 -5.626237 -8.773518 -6.713908 
14 -29.846944 13.818257 -29.600010 12.519900 -28.360276 11.509402 -26.761068 11.533551 -25.552411 12.581022 -25.301159 14.160553 -25.982051 15.293291 -27.288467 14.508000 -26.893773 13.851384 -26.970489 13.369093 -27.339538 13.049261 -27.827836 13.041888 -28.206373 13.350431 -28.349514 14.103053 
5 -15.606323 -11.266901 -16.926298 -9.450110 -19.062064 -10.144063 -19.062064 -12.389740 -16.926298 -13.083692 
4 14.279281 -18.350557 12.472536 -16.543812 10.665792 -18.350557 12.472536 -20.157301 
16 1.737211 18.527484 2.682514 18.772530 3.490168 19.630321 3.716671 20.786525 3.292382 21.885656 2.347753 22.589777 1.173218 22.682399 0.308452 22.228719 0.957709 20.991161 1.465370 21.257494 1.835869 21.228277 2.133846 21.006166 2.267685 20.659453 2.196236 20.294736 1.941467 20.024152 1.386527 19.880298 
6 -2.674468 -23.728615 -1.824654 -22.155333 -3.216935 -21.033302 -3.878921 -21.854732 -3.169947 -22.426091 -3.602687 -23.227234 
8 2.083630 32.769457 3.108387 32.170509 4.472111 32.642497 4.907381 33.746764 3.871122 34.155228 3.623707 33.527545 3.228178 33.390652 2.645691 33.731103 
3 -7.108341 -29.247210 -9.962108 -27.599587 -9.962108 -30.894833 
7 -11.012382 36.513631 -11.449149 37.420587 -12.430556 37.644587 -13.217583 37.016954 -13.217583 36.010308 -12.430556 35.382675 -11.449149 35.606674 
10 -7.086269 7.281700 -8.201160 7.321759 -9.297922 6.536824 -9.686858 5.245414 -9.289101 4.203120 -8.011439 4.690697 -8.242981 5.297436 -8.122924 5.696072 -7.784373 5.938367 -7.135374 5.915048 
7 11.431135 5.565264 10.907259 6.653103 9.730121 6.921777 8.786130 6.168969 8.786130 4.961559 9.730121 4.208751 10.907259 4.477425 
