10
7 -29.408286 30.684682 -29.785722 31.468435 -30.633812 31.662006 -31.313928 31.119632 -31.313928 30.249732 -30.633812 29.707357 -29.785722 29.900928 
8 -14.048033 26.990292 -14.364193 27.753569 -15.127470 28.069729 -15.890747 27.753569 -16.206907 26.990292 -15.890747 26.227015 -15.127470 25.910855 -14.364193 26.227015 
5 -35.230937 21.597881 -36.317182 23.092969 -38.074763 22.521897 -38.074763 20.673866 -36.317182 20.102794 
8 38.330765 10.047479 37.922582 11.032920 36.937141 11.441104 35.951699 11.032920 35.543516 10.047479 35.951699 9.062037 36.937141 8.653854 37.922582 9.062037 
5 33.174316 -25.147014 32.311602 -23.959590 30.915701 -24.413146 30.915701 -25.880883 32.311602 -26.334438 
5 -5.315836 10.534788 -6.229627 11.792513 -7.708172 11.312105 -7.708172 9.757471 -6.229627 9.277063 
5 -31.894604 -26.177638 -32.721586 -25.039395 -34.059671 -25.474165 -34.059671 -26.881111 -32.721586 -27.315882 
8 -28.205714 -8.897186 -28.569499 -8.018931 -29.447754 -7.655146 -30.326008 -8.018931 -30.689793 -8.897186 -30.326008 -9.775441 -29.447754 -10.139226 -28.569499 -9.775441 
16 -20.943733 -21.307855 -21.023033 -21.958440 -20.719743 -22.687941 -20.096341 -23.173251 -19.314731 -23.288328 -18.577909 -23.003287 -18.077235 -22.392155 -17.965661 -21.746322 -18.972614 -21.572362 -19.038348 -21.952855 -19.197729 -22.147398 -19.432283 -22.238136 -19.681095 -22.201503 -19.879544 -22.047013 -19.976091 -21.814789 -19.929371 -21.431496 
6 2.715245 -0.531861 4.810709 0.453740 3.443265 2.322555 2.573998 1.686499 3.169794 0.872255 2.256800 0.442829 
