80
12 -12.775701 32.412713 -14.547707 33.271470 -16.790070 32.445034 -17.749913 30.256452 -16.838963 28.047073 -15.006921 27.325207 -14.281835 29.165424 -15.331091 29.578854 -15.600620 30.232558 -15.316624 30.880109 -14.653161 31.124632 -13.638289 30.632800 
14 -22.443804 -4.293527 -21.544726 -4.095273 -20.727366 -3.344224 -20.397697 -2.284285 -20.644883 -1.202133 -21.402069 -0.390455 -22.283240 -0.123651 -22.690754 -1.469544 -22.172025 -1.626606 -21.931478 -1.884465 -21.852951 -2.228249 -21.957682 -2.564976 -22.217345 -2.803574 -22.746615 -2.920282 
8 15.245944 -24.701522 12.955954 -23.035166 10.574214 -25.659878 12.454491 -27.777744 13.641155 -26.724203 12.706510 -25.671458 13.173961 -25.156320 14.312266 -25.984629 
6 -34.672156 7.248024 -37.623995 6.591969 -37.589069 3.568306 -35.774431 3.589267 -35.792344 5.140019 -34.278428 5.476491 
6 -30.448467 26.910313 -31.346282 28.465374 -33.141912 28.465374 -34.039727 26.910313 -33.141912 25.355252 -31.346282 25.355252 
3 -13.859161 22.933796 -16.753050 24.604584 -16.753050 21.263009 
7 32.192261 -7.213172 31.515355 -5.807562 29.994360 -5.460405 28.774616 -6.433117 28.774616 -7.993228 29.994360 -8.965940 31.515355 -8.618783 
5 34.369477 -30.335171 33.302729 -28.866919 31.576696 -29.427742 31.576696 -31.242601 33.302729 -31.803423 
8 13.567410 8.140195 13.207554 9.008964 12.338785 9.368820 11.470017 9.008964 11.110161 8.140195 11.470017 7.271427 12.338785 6.911571 13.207554 7.271427 
14 5.841737 -27.313655 5.272966 -28.028781 5.344587 -29.133300 6.139664 -29.903329 7.245909 -29.939568 8.089678 -29.223226 8.208353 -28.317234 7.216108 -28.187261 7.147595 -28.710310 6.892667 -28.926738 6.558437 -28.915789 6.318220 -28.683140 6.296581 -28.349432 6.624944 -27.936574 
4 20.685002 -22.297260 18.955605 -20.567864 17.226208 -22.297260 18.955605 -24.026657 
12 -24.270492 -22.054055 -23.664051 -20.563088 -24.763457 -18.934481 -26.728404 -18.940551 -27.817726 -20.575921 -27.202085 -22.063112 -25.971028 -21.553501 -26.314818 -20.723016 -26.013540 -20.270717 -25.470088 -20.269038 -25.166022 -20.719467 -25.504673 -21.552060 
8 21.431124 -5.940382 21.007960 -4.918775 19.986353 -4.495611 18.964746 -4.918775 18.541582 -5.940382 18.964746 -6.961989 19.986353 -7.385153 21.007960 -6.961989 
6 -34.909487 -3.642479 -35.631987 -2.391072 -37.076988 -2.391072 -37.799488 -3.642479 -37.076988 -4.893886 -35.631987 -4.893886 
16 17.851485 -35.166529 17.614389 -34.549093 17.010970 -34.028515 16.233150 -33.854989 15.465685 -34.069731 14.890874 -34.621735 14.645251 -35.379881 14.763024 -36.030705 15.824723 -35.838580 15.755223 -35.454519 15.833739 -35.212170 16.017483 -35.035716 16.262811 -34.967071 16.511449 -35.022541 16.704339 -35.188949 16.844253 -35.553307 
6 38.473441 2.871799 37.797670 4.042268 36.446129 4.042268 35.770358 2.871799 36.446129 1.701330 37.797670 1.701330 
8 -3.162299 25.261608 -3.546573 26.189327 -4.474292 26.573601 -5.402011 26.189327 -5.786285 25.261608 -5.402011 24.333889 -4.474292 23.949615 -3.546573 24.333889 
16 34.464781 -23.463847 35.149647 -23.261820 35.788189 -22.686120 36.115267 -21.891018 36.066655 -21.032646 35.651899 -20.279556 34.952442 -19.779630 34.249145 -19.656218 34.027475 -20.919465 34.443746 -20.992511 34.669041 -21.153538 34.802635 -21.396109 34.818293 -21.672591 34.712940 -21.928694 34.507266 -22.114127 34.101904 -22.233704 
6 -2.678408 2.017111 -3.315732 3.120989 -4.590380 3.120989 -5.227704 2.017111 -4.590380 0.913233 -3.315732 0.913233 
3 -9.585828 -36.419243 -11.506617 -35.310274 -11.506617 -37.528211 
3 -9.225073 18.696208 -11.454721 19.983496 -11.454721 17.408920 
4 -32.233506 19.795686 -34.136886 21.699066 -36.040267 19.795686 -34.136886 17.892305 
5 -15.847939 -9.373879 -16.875678 -7.959317 -18.538596 -8.499632 -18.538596 -10.248127 -16.875678 -10.788441 
8 -21.268173 19.574594 -19.753617 20.633577 -19.519619 22.867793 -20.781893 24.217605 -22.057092 23.025104 -21.339021 22.257236 -21.407033 21.607856 -22.268620 21.005432 
16 8.778697 -33.018428 8.694839 -33.739809 8.932175 -34.580689 9.471945 -35.267753 10.232748 -35.697388 11.099853 -35.804802 11.942495 -35.573798 12.516935 -35.129454 11.605093 -33.950641 11.263981 -34.214499 10.990320 -34.289522 10.708714 -34.254637 10.461631 -34.115106 10.286332 -33.891971 10.209253 -33.618882 10.259049 -33.190514 
8 8.418210 22.082037 7.982625 23.133633 6.931029 23.569219 5.879433 23.133633 5.443848 22.082037 5.879433 21.030441 6.931029 20.594856 7.982625 21.030441 
16 -32.564505 -34.818250 -31.993355 -34.306002 -31.672297 -33.439223 -31.792343 -32.522723 -32.325807 -31.767872 -33.149657 -31.348761 -34.073891 -31.362049 -34.747418 -31.729433 -34.139082 -32.844700 -33.741422 -32.627791 -33.445601 -32.623538 -33.181910 -32.757684 -33.011163 -32.999290 -32.972739 -33.292636 -33.075501 -33.570067 -33.412716 -33.872506 
6 23.125680 -31.805612 20.848793 -31.145133 20.307821 -33.453336 21.475146 -33.726921 21.727889 -32.648523 22.791656 -32.957100 
3 -27.913045 35.835487 -30.195527 37.153279 -30.195527 34.517696 
7 -19.582617 3.511054 -20.053344 4.488529 -21.111058 4.729946 -21.959279 4.053512 -21.959279 2.968597 -21.111058 2.292163 -20.053344 2.533580 
7 21.639398 25.806713 21.148409 26.826263 20.045166 27.078070 19.160434 26.372520 19.160434 25.240905 20.045166 24.535355 21.148409 24.787163 
16 -10.445210 6.340218 -11.409530 6.656931 -12.622283 6.506918 -13.655364 5.854219 -14.311620 4.823393 -14.465811 3.611164 -14.088511 2.448874 -13.393470 1.709186 -12.045564 2.975734 -12.457112 3.413718 -12.578763 3.788471 -12.529048 4.179325 -12.317454 4.511690 -11.984362 4.722137 -11.593339 4.770505 -11.022345 4.582973 
4 21.651564 35.373237 19.798375 37.226426 17.945186 35.373237 19.798375 33.520048 
3 25.896269 20.110114 23.711320 21.371595 23.711320 18.848633 
6 15.941183 28.273859 15.152867 29.639263 13.576234 29.639263 12.787918 28.273859 13.576234 26.908456 15.152867 26.908456 
6 -14.215093 8.866940 -15.656283 9.583573 -16.824598 8.476491 -16.084136 7.695074 -15.461933 8.284666 -14.694408 7.903013 
8 -33.750374 -23.066833 -34.280158 -21.787821 -35.559170 -21.258037 -36.838182 -21.787821 -37.367966 -23.066833 -36.838182 -24.345845 -35.559170 -24.875629 -34.280158 -24.345845 
8 9.179144 -17.566208 8.828677 -16.720107 7.982576 -16.369641 7.136476 -16.720107 6.786009 -17.566208 7.136476 -18.412309 7.982576 -18.762775 8.828677 -18.412309 
6 38.134747 -29.074451 37.576239 -28.107085 36.459221 -28.107085 35.900713 -29.074451 36.459221 -30.041816 37.576239 -30.041816 
6 -25.589996 -5.193588 -25.979644 -7.318791 -24.123918 -8.425406 -23.380494 -7.178730 -24.370066 -6.588624 -24.162285 -5.455353 
6 -9.764519 27.561631 -8.245419 29.673626 -10.109433 31.488465 -11.154736 30.414839 -10.215690 29.500567 -10.980976 28.436594 
4 34.185694 -15.473410 32.848866 -14.136583 31.512039 -15.473410 32.848866 -16.810238 
8 -20.466233 36.496106 -21.026862 37.849586 -22.380341 38.410215 -23.733820 37.849586 -24.294450 36.496106 -23.733820 35.142627 -22.380341 34.581998 -21.026862 35.142627 
3 12.535306 -20.577832 11.022594 -19.704468 11.022594 -21.451197 
7 -4.401468 -36.844952 -4.799019 -36.019428 -5.692309 -35.815540 -6.408673 -36.386821 -6.408673 -37.303084 -5.692309 -37.874364 -4.799019 -37.670476 
4 -4.312734 -26.235431 -6.057060 -24.491104 -7.801387 -26.235431 -6.057060 -27.979758 
6 38.164984 7.268504 37.388142 8.614035 35.834456 8.614035 35.057613 7.268504 35.834456 5.922973 37.388142 5.922973 
7 -25.773072 21.362014 -26.367482 22.596319 -27.703110 22.901168 -28.774200 22.047002 -28.774200 20.677025 -27.703110 19.822859 -26.367482 20.127708 
8 -34.551538 32.020389 -35.023784 33.160492 -36.163887 33.632738 -37.303990 33.160492 -37.776236 32.020389 -37.303990 30.880286 -36.163887 30.408040 -35.023784 30.880286 
8 -7.761274 13.685762 -5.448902 14.056214 -4.955298 16.906018 -7.008375 18.032594 -7.749766 16.681481 -6.661705 16.084435 -6.779589 15.403842 -8.005066 15.207515 
6 35.748538 12.144807 34.995094 13.449811 33.488205 13.449811 32.734761 12.144807 33.488205 10.839804 34.995094 10.839804 
6 30.633700 0.782846 30.032838 1.823570 28.831114 1.823570 28.230252 0.782846 28.831114 -0.257878 30.032838 -0.257878 
7 7.436241 29.333844 6.683601 30.896718 4.992434 31.282716 3.636223 30.201173 3.636223 28.466514 4.992434 27.384972 6.683601 27.770970 
3 13.044215 34.169915 10.182798 35.821954 10.182798 32.517875 
8 -4.505500 -3.242225 -6.054292 -3.284688 -6.873119 -4.999777 -5.932334 -6.230826 -5.020099 -5.533684 -5.534440 -4.860652 -5.320781 -4.413129 -4.474035 -4.389914 
5 -14.800559 -21.306202 -16.135960 -19.468180 -18.296684 -20.170242 -18.296684 -22.442162 -16.135960 -23.144224 
8 33.830557 5.378273 33.440334 6.320355 32.498252 6.710579 31.556170 6.320355 31.165947 5.378273 31.556170 4.436191 32.498252 4.045968 33.440334 4.436191 
16 -13.947821 36.221322 -13.464882 35.589888 -12.611872 35.155684 -11.654980 35.132894 -10.782266 35.525998 -10.165244 36.257738 -9.925176 37.184306 -10.078050 37.964414 -11.478668 37.689943 -11.388186 37.228215 -11.465510 36.929775 -11.664247 36.694088 -11.945340 36.567473 -12.253547 36.574813 -12.528294 36.714667 -12.814135 37.088398 
5 -23.754976 27.318295 -24.844816 28.818332 -26.608216 28.245369 -26.608216 26.391221 -24.844816 25.818258 
10 -8.094346 -23.666521 -7.598212 -22.966365 -7.610703 -21.929700 -8.230317 -21.098491 -9.049677 -20.843509 -9.376264 -21.892964 -8.898012 -22.041794 -8.705417 -22.300161 -8.701534 -22.622389 -8.991122 -23.031062 
7 7.087106 3.283703 6.436586 4.634522 4.974881 4.968147 3.802684 4.033351 3.802684 2.534056 4.974881 1.599260 6.436586 1.932885 
8 10.628143 24.531904 11.657043 25.834574 10.846181 27.700511 9.191819 27.837144 9.088788 26.589638 9.996668 26.514657 10.210477 26.022645 9.645838 25.307767 
8 14.507051 -6.955294 13.788403 -5.205884 11.488283 -5.722733 11.587134 -7.611416 12.690319 -7.553677 12.640202 -6.596132 13.120867 -6.488124 13.485215 -7.375059 
7 -10.141052 -9.256546 -10.854593 -7.774863 -12.457904 -7.408918 -13.743661 -8.434274 -13.743661 -10.078818 -12.457904 -11.104174 -10.854593 -10.738229 
4 -34.239924 15.773757 -35.308333 16.842166 -36.376741 15.773757 -35.308333 14.705348 
4 -33.900730 -12.484413 -35.294332 -11.090810 -36.687935 -12.484413 -35.294332 -13.878015 
6 -12.885714 -33.836559 -13.881796 -32.111294 -15.873961 -32.111294 -16.870044 -33.836559 -15.873961 -35.561825 -13.881796 -35.561825 
3 6.920159 -24.180735 4.784566 -22.947750 4.784566 -25.413721 
6 -15.418197 0.375563 -16.080976 1.523530 -17.406534 1.523530 -18.069313 0.375563 -17.406534 -0.772404 -16.080976 -0.772404 
8 37.049767 -4.782069 36.679072 -3.887131 35.784134 -3.516436 34.889197 -3.887131 34.518501 -4.782069 34.889197 -5.677006 35.784134 -6.047702 36.679072 -5.677006 
10 7.130378 10.897077 5.687488 10.529663 5.226572 8.764972 6.548216 7.508058 7.968129 7.956136 7.626395 9.039057 6.845338 8.792581 6.494569 9.126171 6.616898 9.594527 7.410593 9.796632 
3 20.853827 9.719511 17.974944 11.381635 17.974944 8.057387 
14 -22.784960 8.241764 -23.870786 8.673012 -25.221111 8.256449 -26.012335 7.085609 -25.895175 5.677356 -24.921351 4.653360 -23.763373 4.498174 -23.578743 5.875866 -24.251483 5.966023 -24.550543 6.280490 -24.586522 6.712963 -24.343539 7.072526 -23.928856 7.200452 -23.298033 6.949913 
3 -34.411943 -18.128636 -37.227151 -16.503275 -37.227151 -19.753997 
8 -7.180992 24.537585 -7.496592 25.299511 -8.258519 25.615112 -9.020446 25.299511 -9.336046 24.537585 -9.020446 23.775658 -8.258519 23.460057 -7.496592 23.775658 
5 -20.050325 29.099839 -20.922197 30.299868 -22.332916 29.841498 -22.332916 28.358180 -20.922197 27.899809 
7 31.863551 -26.733285 31.419389 -25.810972 30.421365 -25.583180 29.621012 -26.221440 29.621012 -27.245130 30.421365 -27.883390 31.419389 -27.655598 
3 33.776289 16.594157 30.874337 18.269600 30.874337 14.918714 
12 -25.364459 33.974235 -25.953019 32.967678 -25.459135 31.637767 -24.117265 31.177363 -22.910932 31.923919 -22.757550 33.079788 -23.815119 33.220125 -23.902029 32.565175 -24.248997 32.350449 -24.634949 32.482871 -24.777001 32.865383 -24.443505 33.435728 
8 30.100064 -34.955899 31.674429 -37.459666 35.214242 -36.540765 35.371978 -33.587361 33.462813 -33.485395 33.379691 -35.041742 32.548210 -35.257586 31.718571 -33.938183 
