 23.9000  23.9000  37.6500  37.5000
  0.3000  25.3000  25.3000
  0.3000  26.5000  25.3000
  0.3000  27.7000  25.3000
  0.3000  28.9000  25.3000
  0.3000  30.1000  25.3000
  0.3000  31.3000  25.3000
  0.3000  32.5000  25.3000
  0.3000  33.7000  25.3000
  0.3000  25.3000  26.5000
  0.3000  26.5000  26.5000
  0.3000  27.7000  26.5000
  0.3000  28.9000  26.5000
  0.3000  30.1000  26.5000
  0.3000  31.3000  26.5000
  0.3000  32.5000  26.5000
  0.3000  33.7000  26.5000
  0.3000  25.3000  27.7000
  0.3000  26.5000  27.7000
  0.3000  27.7000  27.7000
  0.3000  28.9000  27.7000
  0.3000  30.1000  27.7000
  0.3000  31.3000  27.7000
  0.3000  32.5000  27.7000
  0.3000  33.7000  27.7000
  0.3000  25.3000  28.9000
  0.3000  26.5000  28.9000
  0.3000  27.7000  28.9000
  0.3000  28.9000  28.9000
  0.3000  30.1000  28.9000
  0.3000  31.3000  28.9000
  0.3000  32.5000  28.9000
  0.3000  33.7000  28.9000
  0.3000  25.3000  30.1000
  0.3000  26.5000  30.1000
  0.3000  27.7000  30.1000
  0.3000  28.9000  30.1000
  0.3000  30.1000  30.1000
  0.3000  31.3000  30.1000
  0.3000  32.5000  30.1000
  0.3000  33.7000  30.1000
  0.3000  25.3000  31.3000
  0.3000  26.5000  31.3000
  0.3000  27.7000  31.3000
  0.3000  28.9000  31.3000
  0.3000  30.1000  31.3000
  0.3000  31.3000  31.3000
  0.3000  32.5000  31.3000
  0.3000  33.7000  31.3000
  0.3000  25.3000  32.5000
  0.3000  26.5000  32.5000
  0.3000  27.7000  32.5000
  0.3000  28.9000  32.5000
  0.3000  30.1000  32.5000
  0.3000  31.3000  32.5000
  0.3000  32.5000  32.5000
  0.3000  33.7000  32.5000
  0.3000  25.3000  33.7000
  0.3000  26.5000  33.7000
  0.3000  27.7000  33.7000
  0.3000  28.9000  33.7000
