50
5 -25.636494 -15.108195 -26.927173 -13.331729 -29.015535 -14.010279 -29.015535 -16.206112 -26.927173 -16.884662 
5 -22.205241 -18.806603 -23.027687 -17.674603 -24.358433 -18.106988 -24.358433 -19.506217 -23.027687 -19.938603 
6 -19.948577 1.044059 -20.701005 2.347304 -22.205863 2.347304 -22.958292 1.044059 -22.205863 -0.259186 -20.701005 -0.259186 
7 -0.098847 2.434344 -0.596680 3.468104 -1.715300 3.723422 -2.612364 3.008038 -2.612364 1.860650 -1.715300 1.145266 -0.596680 1.400584 
4 25.498147 -33.707130 23.685043 -31.894026 21.871939 -33.707130 23.685043 -35.520234 
6 28.845603 -29.856079 28.267633 -28.855006 27.111693 -28.855006 26.533723 -29.856079 27.111693 -30.857153 28.267633 -30.857153 
6 13.379627 -36.214045 12.695009 -35.028252 11.325774 -35.028252 10.641156 -36.214045 11.325774 -37.399837 12.695009 -37.399837 
7 -7.914296 0.875739 -8.464028 2.017269 -9.699264 2.299204 -10.689846 1.509241 -10.689846 0.242238 -9.699264 -0.547725 -8.464028 -0.265790 
6 2.794774 29.073342 1.988883 30.469185 0.377103 30.469185 -0.428788 29.073342 0.377103 27.677499 1.988883 27.677499 
8 -8.209239 -17.818462 -8.561426 -16.968208 -9.411680 -16.616021 -10.261934 -16.968208 -10.614120 -17.818462 -10.261934 -18.668716 -9.411680 -19.020903 -8.561426 -18.668716 
8 36.153887 -26.843333 36.018082 -25.415641 34.514082 -24.524332 33.196529 -25.090725 33.684406 -26.225631 34.424767 -25.907362 34.847799 -26.158062 34.924111 -26.960312 
6 -1.843142 10.142225 -2.778138 12.943591 -5.147373 11.180470 -4.384372 10.155169 -3.431494 10.864275 -3.055450 9.737600 
6 -28.604343 30.749750 -32.469348 30.866511 -31.610332 27.096367 -29.918630 27.481816 -30.279240 29.064499 -28.656735 29.015483 
7 -1.730488 -31.054156 -2.471260 -29.515927 -4.135759 -29.136016 -5.470584 -30.200503 -5.470584 -31.907808 -4.135759 -32.972296 -2.471260 -32.592384 
7 -32.407996 25.044019 -33.006818 26.287484 -34.352357 26.594595 -35.431396 25.734090 -35.431396 24.353948 -34.352357 23.493443 -33.006818 23.800554 
6 -18.994125 20.826512 -19.557746 21.802731 -20.684987 21.802731 -21.248607 20.826512 -20.684987 19.850293 -19.557746 19.850293 
6 32.451664 -4.684574 30.067837 -5.251118 30.023968 -7.700950 31.542057 -7.728134 31.564837 -6.455962 32.802734 -6.161761 
7 -12.735147 -26.638684 -13.192744 -25.688473 -14.220955 -25.453791 -15.045517 -26.111357 -15.045517 -27.166010 -14.220955 -27.823576 -13.192744 -27.588894 
4 2.401863 -3.048795 0.929949 -1.576881 -0.541965 -3.048795 0.929949 -4.520709 
6 -33.189084 35.369050 -33.708793 36.269212 -34.748212 36.269212 -35.267921 35.369050 -34.748212 34.468887 -33.708793 34.468887 
8 -35.820994 -13.394567 -37.146997 -12.931017 -38.366194 -14.151201 -37.901571 -15.476828 -36.939833 -15.139746 -37.192627 -14.418492 -36.878756 -14.104367 -36.157298 -14.356577 
4 -5.833968 -21.800532 -6.927524 -20.706976 -8.021080 -21.800532 -6.927524 -22.894088 
16 34.592310 -15.129728 34.749177 -15.653719 35.176635 -16.154331 35.769897 -16.439591 36.427832 -16.460873 37.038289 -16.214550 37.497207 -15.742611 37.687609 -15.229853 36.698418 -14.862536 36.585511 -15.166595 36.436996 -15.319324 36.239440 -15.399039 36.026518 -15.392152 35.834527 -15.299836 35.696192 -15.137828 35.603173 -14.827108 
12 -19.424528 -8.961986 -18.342712 -8.077687 -18.318342 -6.378600 -19.602604 -5.265873 -21.280907 -5.531938 -22.002149 -6.728650 -20.890576 -7.398579 -20.481123 -6.719198 -19.995965 -6.642285 -19.624715 -6.963948 -19.631760 -7.455114 -20.245913 -7.957136 
14 -7.590612 10.136144 -8.880930 11.098280 -10.786068 10.648415 -11.666161 8.899884 -10.892536 7.101710 -9.017815 6.538378 -7.672107 7.421383 -8.490983 8.669358 -9.254799 8.168169 -9.796452 8.330930 -10.019972 8.850467 -9.765691 9.355661 -9.215249 9.485639 -8.482872 8.939536 
6 33.405649 -32.762555 32.756525 -31.638239 31.458276 -31.638239 30.809151 -32.762555 31.458276 -33.886872 32.756525 -33.886872 
6 7.683042 12.250750 5.823683 10.103989 8.157485 8.485605 8.948885 9.626850 7.886063 10.363868 8.732822 11.341510 
4 -27.131664 37.197778 -28.189615 38.255729 -29.247566 37.197778 -28.189615 36.139827 
7 -19.605915 -23.943206 -20.014813 -23.094122 -20.933597 -22.884415 -21.670405 -23.472000 -21.670405 -24.414412 -20.933597 -25.001997 -20.014813 -24.792291 
3 -20.109819 -35.611957 -22.005285 -34.517609 -22.005285 -36.706305 
16 -28.895469 1.710143 -28.772894 2.253654 -28.919315 2.908282 -29.331609 3.437423 -29.930579 3.739437 -30.601170 3.756309 -31.214570 3.484800 -31.578685 3.063079 -30.812724 2.401745 -30.597143 2.651432 -30.399411 2.738954 -30.183245 2.733515 -29.990165 2.636160 -29.857261 2.465590 -29.810062 2.254569 -29.882635 1.932774 
3 -4.803565 20.954955 -7.167329 22.319675 -7.167329 19.590236 
5 22.642165 9.967040 21.622879 11.369968 19.973639 10.834097 19.973639 9.099984 21.622879 8.564113 
16 5.674186 18.941744 6.330604 17.942408 7.676006 17.417493 9.076830 17.768679 10.015487 18.866205 10.145152 20.304547 9.417915 21.552252 8.328861 22.045728 7.685784 20.626518 8.322082 20.338197 8.548707 19.949382 8.508300 19.501160 8.215792 19.159144 7.779261 19.049706 7.360002 19.213282 6.976478 19.797161 
6 -29.012933 8.720313 -29.795658 10.076033 -31.361109 10.076033 -32.143834 8.720313 -31.361109 7.364593 -29.795658 7.364593 
6 37.547540 -34.638405 36.674704 -33.126609 34.929033 -33.126609 34.056197 -34.638405 34.929033 -36.150200 36.674704 -36.150200 
14 -20.285110 32.642299 -20.397504 33.562113 -21.202343 34.342223 -22.318633 34.443397 -23.250614 33.820700 -23.584380 32.750682 -23.243207 31.889120 -22.221333 32.293775 -22.419499 32.794203 -22.317057 33.122622 -22.031005 33.313745 -21.688384 33.282692 -21.441356 33.043254 -21.376073 32.508992 
6 -16.471585 11.961893 -14.466071 12.188628 -13.942068 14.137708 -15.271513 14.495125 -15.552152 13.451262 -16.626238 13.329831 
6 -5.507081 -8.343122 -6.284667 -6.996302 -7.839841 -6.996302 -8.617428 -8.343122 -7.839841 -9.689942 -6.284667 -9.689942 
8 7.101941 30.766506 6.636288 31.890692 5.512103 32.356345 4.387917 31.890692 3.922264 30.766506 4.387917 29.642321 5.512103 29.176668 6.636288 29.642321 
8 4.854296 -11.854281 4.489262 -10.973010 3.607991 -10.607976 2.726721 -10.973010 2.361686 -11.854281 2.726721 -12.735552 3.607991 -13.100586 4.489262 -12.735552 
8 20.767835 -10.596604 20.276887 -9.411351 19.091634 -8.920403 17.906380 -9.411351 17.415432 -10.596604 17.906380 -11.781858 19.091634 -12.272806 20.276887 -11.781858 
3 -2.325377 29.770484 -5.309889 31.493593 -5.309889 28.047376 
3 21.367064 -23.148483 18.515990 -21.502414 18.515990 -24.794551 
5 0.375651 -10.459550 -0.966164 -8.612701 -3.137265 -9.318134 -3.137265 -11.600965 -0.966164 -12.306399 
4 -27.560858 13.280323 -28.641974 14.361439 -29.723090 13.280323 -28.641974 12.199207 
7 20.842816 23.986511 20.153366 25.418169 18.604186 25.771759 17.361840 24.781022 17.361840 23.192001 18.604186 22.201263 20.153366 22.554854 
3 32.406572 -0.085922 29.621084 1.522281 29.621084 -1.694124 
4 12.268868 -4.671857 10.802983 -3.205971 9.337097 -4.671857 10.802983 -6.137742 
5 -12.453212 -16.902534 -13.476165 -15.494560 -15.131338 -16.032358 -15.131338 -17.772710 -13.476165 -18.310508 
