40
5 32.172790 -24.574659 31.134905 -23.146133 29.455572 -23.691782 29.455572 -25.457537 31.134905 -26.003186 
12 -24.749557 19.290397 -23.720731 18.291842 -21.990041 18.517122 -21.090557 20.012771 -21.702859 21.647128 -23.067186 22.087818 -23.463723 20.860184 -22.692341 20.611021 -22.517251 20.143672 -22.774461 19.715988 -23.269356 19.651568 -23.851049 20.216145 
4 -34.301029 12.014862 -35.756030 13.469863 -37.211031 12.014862 -35.756030 10.559861 
4 17.733221 -8.591552 15.934763 -6.793094 14.136304 -8.591552 15.934763 -10.390010 
12 -15.129053 -24.173514 -15.907406 -25.166689 -16.016539 -26.686108 -15.257881 -28.007085 -13.890506 -28.678523 -12.640418 -28.506733 -12.873471 -26.810845 -13.605436 -26.911434 -14.033913 -26.701034 -14.271644 -26.287096 -14.237446 -25.810975 -13.781697 -25.229440 
6 -22.088227 11.755778 -24.098622 11.056986 -23.207551 9.124115 -22.256650 9.562488 -22.664404 10.446971 -21.744447 10.766738 
5 -19.449053 -16.929344 -20.723888 -15.174684 -22.786614 -15.844905 -22.786614 -18.013783 -20.723888 -18.684003 
16 8.344278 31.554096 7.375779 32.317507 5.884285 32.257199 4.790412 31.241505 4.619873 29.758566 5.454629 28.521079 6.893498 28.123777 8.010008 28.647412 7.413626 29.919035 6.767027 29.615784 6.328760 29.736799 6.074500 30.113727 6.126445 30.565417 6.459629 30.874789 6.913925 30.893158 7.474808 30.451047 
6 -5.768478 3.736863 -6.768078 5.468221 -8.767278 5.468221 -9.766878 3.736863 -8.767278 2.005505 -6.768078 2.005505 
16 -26.208768 -18.912532 -26.560817 -19.441410 -26.635229 -20.203296 -26.342364 -20.910571 -25.751127 -21.396829 -25.000623 -21.547663 -24.267429 -21.327587 -23.816451 -20.880071 -24.550023 -20.140825 -24.816195 -20.404954 -25.050667 -20.475333 -25.290674 -20.427097 -25.479749 -20.271595 -25.573405 -20.045412 -25.549609 -19.801764 -25.341825 -19.489614 
3 2.877550 4.808090 0.259018 6.319900 0.259018 3.296280 
8 23.489995 16.630120 22.915947 18.015994 21.530073 18.590042 20.144198 18.015994 19.570150 16.630120 20.144198 15.244246 21.530073 14.670198 22.915947 15.244246 
4 -13.863840 -17.441271 -14.871371 -16.433739 -15.878903 -17.441271 -14.871371 -18.448802 
6 21.100093 -23.176009 20.131915 -21.499076 18.195561 -21.499076 17.227384 -23.176009 18.195561 -24.852941 20.131915 -24.852941 
3 7.500703 2.334387 4.580509 4.020362 4.580509 0.648413 
3 -36.437489 15.802181 -38.199621 16.819548 -38.199621 14.784814 
10 -36.999842 25.278158 -35.016269 24.159196 -32.600904 25.548161 -32.563481 28.334164 -34.506537 29.522091 -35.438516 27.997682 -34.363719 27.340583 -34.373805 26.589738 -35.024761 26.215402 -36.121970 26.834354 
5 -19.223891 34.708250 -20.243972 36.112272 -21.894498 35.575983 -21.894498 33.840517 -20.243972 33.304228 
12 18.402330 -32.198579 19.967924 -31.935155 21.163168 -30.428785 21.042833 -28.509598 19.668788 -27.164326 18.082552 -27.098525 18.010168 -28.843445 18.926271 -28.881447 19.341807 -29.288281 19.378198 -29.868678 19.016735 -30.324231 18.112554 -30.476367 
8 -3.107338 -3.747679 -3.664504 -2.402559 -5.009624 -1.845392 -6.354744 -2.402559 -6.911911 -3.747679 -6.354744 -5.092798 -5.009624 -5.649965 -3.664504 -5.092798 
6 -14.754113 33.344176 -16.545490 34.742716 -17.955637 32.960461 -17.020745 32.220760 -16.345509 33.074177 -15.487725 32.404499 
3 -6.920488 -33.462861 -9.288162 -32.095884 -9.288162 -34.829838 
3 -30.168711 11.171408 -31.905891 12.174369 -31.905891 10.168447 
7 -19.291560 -7.225267 -19.870834 -6.022391 -21.172451 -5.725306 -22.216267 -6.557721 -22.216267 -7.892812 -21.172451 -8.725228 -19.870834 -8.428142 
14 -23.981524 36.588702 -24.290506 37.279555 -25.004619 37.846340 -25.899651 38.019894 -26.773851 37.761095 -27.430165 37.128279 -27.671297 36.410921 -26.469614 36.006989 -26.327193 36.430689 -26.116921 36.633432 -25.836843 36.716346 -25.550091 36.660743 -25.321302 36.479155 -25.138805 36.071111 
7 13.390947 6.409793 12.828263 7.578219 11.563922 7.866797 10.550000 7.058221 10.550000 5.761365 11.563922 4.952789 12.828263 5.241367 
6 -2.643309 20.560467 -3.433521 21.929153 -5.013944 21.929153 -5.804156 20.560467 -5.013944 19.191780 -3.433521 19.191780 
3 28.264545 4.156577 25.479792 5.764354 25.479792 2.548799 
16 15.527779 -22.860978 15.177995 -22.326778 14.497182 -21.967984 13.727782 -21.984165 13.062655 -22.371265 12.668528 -23.032251 12.644194 -23.801438 12.935889 -24.369444 13.837561 -23.906398 13.665593 -23.571533 13.673353 -23.326258 13.799030 -23.115486 14.011123 -22.992049 14.256466 -22.986890 14.473560 -23.101300 14.679773 -23.416235 
6 13.329992 15.683379 12.810040 16.583962 11.770136 16.583962 11.250185 15.683379 11.770136 14.782796 12.810040 14.782796 
6 37.008477 -26.029070 36.216654 -24.657592 34.633007 -24.657592 33.841184 -26.029070 34.633007 -27.400548 36.216654 -27.400548 
12 35.284361 -17.273281 35.674707 -16.552655 35.515355 -15.574739 34.791269 -14.898416 33.804768 -14.806064 33.112413 -15.244602 33.649278 -16.092194 34.052277 -15.836934 34.356726 -15.865436 34.580190 -16.074159 34.629369 -16.375959 34.402160 -16.795413 
7 -27.501636 -0.918686 -27.901762 -0.087817 -28.800835 0.117391 -29.521836 -0.457588 -29.521836 -1.379783 -28.800835 -1.954762 -27.901762 -1.749555 
3 34.545646 -0.406211 31.565313 1.314485 31.565313 -2.126907 
5 35.310349 -4.274863 34.326743 -2.921046 32.735235 -3.438158 32.735235 -5.111568 34.326743 -5.628680 
16 11.330572 29.618859 10.639884 29.422457 9.963370 28.885124 9.545108 28.129177 9.449254 27.270568 9.690509 26.440994 10.231870 25.767698 10.862241 25.423814 11.561921 26.706392 11.187665 26.910559 11.011931 27.129121 10.933615 27.398415 10.964731 27.677133 11.100506 27.922525 11.320113 28.096952 11.730180 28.213558 
6 -29.656528 -15.542950 -31.357952 -17.464153 -30.528472 -19.892698 -28.655686 -19.253040 -29.112980 -17.914177 -28.174980 -16.855014 
10 35.486828 3.868089 37.375856 4.084463 38.361138 6.190007 37.084451 8.132728 35.183909 8.076318 35.228859 6.561846 36.283190 6.593140 36.630005 6.065395 36.362350 5.493419 35.314408 5.373385 
3 21.730397 22.128640 20.163348 23.033377 20.163348 21.223904 
4 9.687792 -2.539103 7.992804 -0.844115 6.297816 -2.539103 7.992804 -4.234091 
