-35.0000 -40.0000 -22.9500 -27.9500
  0.3000 -33.7000 -38.7000
  0.3000 -32.6500 -38.7000
  0.3000 -31.6000 -38.7000
  0.3000 -30.5500 -38.7000
  0.3000 -29.5000 -38.7000
  0.3000 -33.7000 -37.6500
  0.3000 -32.6500 -37.6500
  0.3000 -31.6000 -37.6500
  0.3000 -30.5500 -37.6500
  0.3000 -29.5000 -37.6500
  0.3000 -33.7000 -36.6000
  0.3000 -32.6500 -36.6000
  0.3000 -31.6000 -36.6000
  0.3000 -30.5500 -36.6000
  0.3000 -29.5000 -36.6000
  0.3000 -33.7000 -35.5500
  0.3000 -32.6500 -35.5500
  0.3000 -31.6000 -35.5500
  0.3000 -30.5500 -35.5500
  0.3000 -29.5000 -35.5500
