50
14 -12.123984 8.550641 -11.207802 8.673537 -10.279982 9.288478 -9.713890 10.246883 -9.623207 11.356287 -10.026143 12.393902 -10.703498 13.022935 -11.820624 11.819994 -11.419836 11.447798 -11.290156 11.113854 -11.319341 10.756805 -11.501531 10.448353 -11.800139 10.250442 -12.342240 10.177725 
4 -0.345106 -30.387339 -1.383824 -29.348620 -2.422543 -30.387339 -1.383824 -31.426057 
7 18.502023 15.009737 18.089177 15.867020 17.161521 16.078752 16.417598 15.485493 16.417598 14.533980 17.161521 13.940721 18.089177 14.152453 
10 3.837497 35.342016 2.797230 35.633237 1.650554 34.999729 1.278011 33.743780 1.785785 32.790297 2.775794 33.317523 2.484031 33.865388 2.595203 34.240183 2.937390 34.429232 3.535120 34.261898 
3 1.491011 31.227083 -0.880303 32.596162 -0.880303 29.858005 
3 -5.335164 32.376706 -7.379673 33.557104 -7.379673 31.196308 
5 5.301209 24.028539 4.032750 25.774423 1.980341 25.107555 1.980341 22.949524 4.032750 22.282656 
8 -34.493735 -31.806730 -34.968160 -30.661367 -36.113523 -30.186943 -37.258885 -30.661367 -37.733310 -31.806730 -37.258885 -32.952093 -36.113523 -33.426517 -34.968160 -32.952093 
3 -21.101191 4.601886 -23.182376 5.803459 -23.182376 3.400313 
3 -34.908885 -8.409164 -37.212219 -7.079334 -37.212219 -9.738995 
3 -10.229340 -19.027220 -12.208338 -17.884645 -12.208338 -20.169795 
6 23.499883 10.328033 25.200767 9.969756 25.848103 11.582929 24.902380 11.962430 24.573654 11.143239 23.709922 11.325177 
8 -25.987468 9.594051 -25.287349 7.722862 -22.820763 7.796185 -22.233029 9.705657 -23.487625 10.091820 -23.798949 9.080368 -24.387171 9.062882 -24.758025 10.054056 
12 19.816325 -26.147294 20.976939 -25.996050 21.931744 -24.949714 21.985796 -23.534246 21.113569 -22.418142 19.967868 -22.178826 19.692847 -23.495464 20.356801 -23.634152 20.622941 -23.974705 20.606449 -24.406603 20.315112 -24.725868 19.642515 -24.813516 
16 -11.900483 -34.189683 -11.021730 -34.632222 -9.837565 -34.662629 -8.753643 -34.184835 -7.977235 -33.290204 -7.656808 -32.149810 -7.853633 -30.981720 -8.415485 -30.174027 -9.885830 -31.196837 -9.553155 -31.675076 -9.489697 -32.051672 -9.593004 -32.419339 -9.843321 -32.707771 -10.192781 -32.861814 -10.574560 -32.852010 -11.094874 -32.589981 
8 -34.954636 16.656702 -35.250764 17.371620 -35.965682 17.667749 -36.680601 17.371620 -36.976729 16.656702 -36.680601 15.941784 -35.965682 15.645655 -35.250764 15.941784 
4 26.825433 5.977608 25.284601 7.518440 23.743768 5.977608 25.284601 4.436776 
8 -32.498457 7.875235 -32.930369 8.917963 -33.973097 9.349875 -35.015825 8.917963 -35.447737 7.875235 -35.015825 6.832507 -33.973097 6.400595 -32.930369 6.832507 
5 -12.681983 -24.802422 -14.037470 -22.936754 -16.230695 -23.649376 -16.230695 -25.955468 -14.037470 -26.668090 
14 -27.400773 12.887345 -28.132990 13.100200 -29.004758 12.803419 -29.548519 12.060195 -29.567494 11.139489 -29.054815 10.374493 -28.343707 10.099221 -27.981156 11.035795 -28.396877 11.196722 -28.556883 11.435475 -28.550961 11.722824 -28.381255 11.954781 -28.109179 12.047406 -27.681117 11.922968 
6 29.294626 20.881082 28.702200 21.907192 27.517350 21.907192 26.924925 20.881082 27.517350 19.854971 28.702200 19.854971 
8 8.800509 3.151944 8.324256 4.301721 7.174479 4.777974 6.024703 4.301721 5.548450 3.151944 6.024703 2.002168 7.174479 1.525915 8.324256 2.002168 
6 23.126251 -0.262042 22.462140 0.888232 21.133917 0.888232 20.469806 -0.262042 21.133917 -1.412317 22.462140 -1.412317 
6 -35.053125 -0.643152 -33.899080 1.926292 -36.047001 3.748461 -37.201835 2.387176 -36.077437 1.433303 -36.681559 0.088245 
4 36.168812 -24.472699 35.030849 -23.334736 33.892885 -24.472699 35.030849 -25.610663 
16 -5.910189 5.910721 -5.070843 6.107288 -4.300150 6.804037 -3.962759 7.786684 -4.142901 8.809902 -4.795604 9.618238 -5.757913 10.009884 -6.613925 9.907975 -6.451820 8.546336 -5.947126 8.606421 -5.640211 8.481511 -5.432041 8.223704 -5.374587 7.897363 -5.482193 7.583962 -5.727994 7.361744 -6.222863 7.245850 
4 -19.106311 6.999702 -20.237916 8.131308 -21.369521 6.999702 -20.237916 5.868097 
16 -8.131144 -3.919910 -8.828523 -3.470573 -9.829196 -3.454926 -10.687020 -3.970418 -11.142901 -4.861352 -11.059149 -5.858638 -10.461059 -6.661060 -9.688663 -6.963791 -9.251489 -5.848370 -9.705109 -5.670579 -9.893970 -5.417195 -9.920417 -5.102279 -9.776462 -4.820945 -9.505584 -4.658166 -9.189597 -4.663107 -8.780033 -4.926998 
7 7.840701 -24.783849 7.439909 -23.951594 6.539336 -23.746045 5.817133 -24.321982 5.817133 -25.245715 6.539336 -25.821653 7.439909 -25.616103 
16 19.650260 11.568133 18.662903 11.207870 17.816907 10.265547 17.513133 9.036155 17.822883 7.808255 18.673453 6.870057 19.865198 6.441774 20.905298 6.592957 20.657178 8.299956 20.043274 8.210722 19.662120 8.347699 19.390084 8.647761 19.291017 9.040478 19.388172 9.433673 19.658746 9.735054 20.241520 9.947695 
3 -36.342067 37.491723 -37.855133 38.365292 -37.855133 36.618154 
4 -19.862054 35.747152 -21.699587 37.584685 -23.537121 35.747152 -21.699587 33.909618 
4 -23.640334 -15.794034 -24.707381 -14.726987 -25.774429 -15.794034 -24.707381 -16.861082 
12 -32.764566 -3.037988 -33.777084 -3.719601 -34.171336 -5.143457 -33.544651 -6.481391 -32.198398 -7.089999 -31.026583 -6.748476 -31.415429 -5.414287 -32.094041 -5.612067 -32.504073 -5.426702 -32.694943 -5.019204 -32.574865 -4.585537 -31.988504 -4.190806 
3 -26.753021 22.506900 -28.297903 23.398838 -28.297903 21.614962 
12 31.785164 -34.414547 31.728019 -33.467886 30.967253 -32.609817 29.839099 -32.404108 28.824440 -32.938443 28.436851 -33.804010 29.485308 -34.273495 29.710755 -33.770024 30.023334 -33.605415 30.370876 -33.668787 30.605239 -33.933125 30.638479 -34.483766 
3 17.876337 31.425797 16.200245 32.393490 16.200245 30.458105 
3 29.884155 16.857556 27.394664 18.294864 27.394664 15.420247 
14 -18.246793 -33.600244 -17.547681 -34.340743 -16.322416 -34.474938 -15.302311 -33.783077 -14.973797 -32.595069 -15.493522 -31.477407 -16.418989 -31.052431 -16.904962 -32.110732 -16.368836 -32.356921 -16.210407 -32.697622 -16.310549 -33.059767 -16.621511 -33.270669 -16.995013 -33.229762 -17.400010 -32.800789 
4 31.596246 -23.149158 30.416195 -21.969107 29.236144 -23.149158 30.416195 -24.329209 
8 17.367847 -12.830340 17.014098 -11.976315 16.160073 -11.622566 15.306048 -11.976315 14.952299 -12.830340 15.306048 -13.684365 16.160073 -14.038114 17.014098 -13.684365 
14 -28.542302 3.853503 -28.395079 4.560345 -28.687535 5.380620 -29.364421 5.928533 -30.227622 6.043717 -31.024491 5.692458 -31.436800 5.099751 -30.567082 4.494744 -30.324767 4.843080 -30.072684 4.954198 -29.799617 4.917760 -29.585490 4.744433 -29.492974 4.484945 -29.579497 4.069532 
8 0.715988 -0.652731 0.260650 0.446552 -0.838634 0.901890 -1.937917 0.446552 -2.393255 -0.652731 -1.937917 -1.752015 -0.838634 -2.207353 0.260650 -1.752015 
4 3.632056 -24.437330 2.570214 -23.375488 1.508372 -24.437330 2.570214 -25.499172 
10 -4.612454 -12.563682 -4.139979 -14.121398 -2.435647 -15.114283 -0.511297 -14.681334 0.408758 -13.338497 -1.038425 -12.346949 -1.568866 -13.121137 -2.148201 -13.251478 -2.661298 -12.952566 -2.933695 -12.054493 
4 26.732231 -34.740278 25.609774 -33.617821 24.487317 -34.740278 25.609774 -35.862735 
3 5.883065 -27.589997 4.073279 -26.545116 4.073279 -28.634877 
5 -0.588886 3.602465 -1.413533 4.737495 -2.747840 4.303952 -2.747840 2.900979 -1.413533 2.467436 
14 -6.015436 28.697971 -6.471255 29.219285 -7.234730 29.554178 -8.068153 29.532847 -8.813498 29.159337 -9.329440 28.504469 -9.486189 27.829955 -8.253023 27.543382 -8.160201 27.942811 -7.993810 28.154005 -7.753438 28.274461 -7.484660 28.281341 -7.238441 28.173338 -6.968517 27.864630 
5 13.107539 -34.537614 12.290005 -33.412375 10.967207 -33.842178 10.967207 -35.233050 12.290005 -35.662853 
