80
7 -25.943973 15.900480 -26.676550 17.421691 -28.322636 17.797400 -29.642694 16.744689 -29.642694 15.056271 -28.322636 14.003560 -26.676550 14.379268 
12 -3.186254 4.823600 -3.347139 6.354967 -4.993548 7.259689 -6.675896 6.423690 -6.949126 4.565053 -5.825739 3.511977 -4.939508 4.457379 -5.568512 5.047015 -5.492396 5.564789 -5.023732 5.797679 -4.565079 5.545644 -4.474997 4.688206 
3 -35.425330 -30.643974 -38.032993 -29.138439 -38.032993 -32.149509 
3 -34.796913 -0.049619 -36.996986 1.220593 -36.996986 -1.319832 
7 -10.149424 -20.407550 -10.784322 -19.089170 -12.210926 -18.763557 -13.354973 -19.675904 -13.354973 -21.139196 -12.210926 -22.051543 -10.784322 -21.725930 
6 -15.637642 -25.561555 -16.205188 -24.578537 -17.340280 -24.578537 -17.907825 -25.561555 -17.340280 -26.544573 -16.205188 -26.544573 
16 -23.877324 -14.517634 -24.475179 -14.311839 -25.228374 -14.425500 -25.843387 -14.874922 -26.180484 -15.557995 -26.163074 -16.319519 -25.795112 -16.986472 -25.268093 -17.335803 -24.685255 -16.456504 -24.996492 -16.250202 -25.114341 -16.036594 -25.119917 -15.792696 -25.011954 -15.573925 -24.814980 -15.429986 -24.573750 -15.393583 -24.220680 -15.515118 
6 16.552323 -15.948612 17.364176 -18.402390 19.382796 -16.788294 18.698936 -15.933046 17.909455 -16.564318 17.591939 -15.604646 
3 2.491775 28.015391 0.959744 28.899909 0.959744 27.130872 
10 -12.495618 30.640604 -13.251117 29.026360 -12.315467 27.070180 -10.209590 26.553105 -8.783332 27.621913 -9.762127 28.928054 -10.570381 28.322365 -11.176264 28.471133 -11.445461 29.033947 -11.017323 29.948732 
4 28.705173 -25.337289 27.595262 -24.227378 26.485351 -25.337289 27.595262 -26.447200 
3 22.038755 -2.005665 20.081927 -0.875890 20.081927 -3.135440 
8 -16.811600 -1.222759 -17.178530 -0.336911 -18.064378 0.030019 -18.950227 -0.336911 -19.317157 -1.222759 -18.950227 -2.108607 -18.064378 -2.475538 -17.178530 -2.108607 
6 -35.546177 -13.189316 -36.095237 -12.238315 -37.193357 -12.238315 -37.742418 -13.189316 -37.193357 -14.140316 -36.095237 -14.140316 
5 -12.623845 8.962157 -13.732785 10.488482 -15.527087 9.905478 -15.527087 8.018837 -13.732785 7.435832 
5 20.740385 27.452327 19.789466 28.761154 18.250848 28.261226 18.250848 26.643427 19.789466 26.143500 
14 13.543791 -5.840630 14.198423 -4.423297 13.551519 -2.643751 11.839010 -1.835924 10.054293 -2.468422 9.232649 -4.174345 9.742243 -5.650045 11.267428 -5.123362 10.974747 -4.275807 11.219657 -3.767316 11.751634 -3.578785 12.262088 -3.819577 12.454913 -4.350013 12.078931 -5.164046 
8 1.501432 -14.635277 1.097662 -13.660488 0.122873 -13.256718 -0.851915 -13.660488 -1.255685 -14.635277 -0.851915 -15.610065 0.122873 -16.013835 1.097662 -15.610065 
7 -7.358297 32.377711 -7.811391 33.318571 -8.829486 33.550945 -9.645934 32.899849 -9.645934 31.855572 -8.829486 31.204476 -7.811391 31.436850 
5 -11.200623 36.497293 -12.443027 38.207316 -14.453279 37.554145 -14.453279 35.440441 -12.443027 34.787271 
3 -22.644738 33.474570 -24.460963 34.523169 -24.460963 32.425971 
16 2.848293 1.809173 2.156577 1.807455 1.398819 1.462468 0.850560 0.835871 0.609232 0.039019 0.717723 -0.786477 1.156753 -1.493912 1.731289 -1.879117 2.458948 -0.793805 2.118433 -0.565502 1.976540 -0.336862 1.941476 -0.070065 2.019472 0.187475 2.196668 0.389989 2.441572 0.501487 2.851538 0.502505 
8 3.751601 -24.917803 4.408298 -26.256908 6.187522 -26.622175 7.318693 -25.650112 6.455720 -24.645887 5.817331 -25.194482 5.311038 -25.090542 4.940424 -24.334803 
3 1.879656 -10.492247 -0.062109 -9.371168 -0.062109 -11.613326 
4 -3.549430 23.511183 -4.938477 24.900230 -6.327524 23.511183 -4.938477 22.122136 
8 18.883966 33.839638 19.930267 35.300882 18.909671 37.255458 17.112609 37.232020 17.129906 35.905838 18.111484 35.918640 18.377111 35.409929 17.805608 34.611779 
4 23.457247 7.864008 22.069015 9.252240 20.680783 7.864008 22.069015 6.475776 
14 -8.631599 3.731658 -9.450701 4.135629 -10.549581 4.067024 -11.468799 3.460985 -11.964859 2.478046 -11.906360 1.378581 -11.410678 0.611496 -10.226596 1.376636 -10.518515 1.828392 -10.537119 2.178045 -10.379361 2.490640 -10.087031 2.683373 -9.737563 2.705191 -9.255174 2.467283 
14 -8.140238 -30.579138 -7.646132 -31.858824 -6.303984 -32.827999 -4.650436 -32.908265 -3.220729 -32.073640 -2.477648 -30.594285 -2.630173 -29.231027 -4.530703 -29.443664 -4.441273 -30.242979 -4.674936 -30.708164 -5.124509 -30.970613 -5.644469 -30.945373 -6.066509 -30.640615 -6.356217 -29.890300 
12 16.565604 32.295211 15.521558 32.561332 14.390008 31.908383 14.035900 30.650863 14.660468 29.503404 15.689968 29.185630 16.021911 30.261032 15.430033 30.443727 15.243376 30.786654 15.349204 31.162473 15.687376 31.357612 16.287617 31.204614 
6 5.769386 11.315026 5.554009 9.422788 7.394858 8.934707 7.675470 9.993066 6.748879 10.238741 6.857289 11.191199 
7 -28.273680 -10.726681 -28.964198 -9.292805 -30.515778 -8.938668 -31.760048 -9.930940 -31.760048 -11.522421 -30.515778 -12.514694 -28.964198 -12.160556 
5 15.134712 -23.673002 14.048523 -22.177991 12.291033 -22.749034 12.291033 -24.596969 14.048523 -25.168012 
3 -21.167322 29.463266 -23.460040 30.786967 -23.460040 28.139564 
4 29.830166 5.110781 28.589270 6.351678 27.348373 5.110781 28.589270 3.869885 
5 10.127411 36.174338 9.400991 37.174170 8.225618 36.792268 8.225618 35.556408 9.400991 35.174506 
5 -25.390381 4.509744 -26.257214 5.702837 -27.659779 5.247116 -27.659779 3.772372 -26.257214 3.316651 
4 28.134650 -19.889079 26.257012 -18.011441 24.379374 -19.889079 26.257012 -21.766717 
3 35.201773 -30.040057 33.301247 -28.942787 33.301247 -31.137326 
12 -37.547098 31.630432 -36.848302 31.405777 -35.994973 31.643994 -35.413938 32.312812 -35.297337 33.191062 -35.617465 33.851595 -36.528351 33.410133 -36.340752 33.023051 -36.377367 32.747261 -36.559825 32.537238 -36.827789 32.462432 -37.237293 32.594084 
4 -1.604888 -25.492004 -3.488441 -23.608452 -5.371993 -25.492004 -3.488441 -27.375557 
16 38.457032 7.871488 37.948962 8.445589 37.122097 8.854136 36.202164 8.920006 35.325526 8.633435 34.622132 8.036901 34.196246 7.218832 34.125387 6.455481 35.705504 6.308804 35.747589 6.762176 35.885966 7.027980 36.114510 7.221803 36.399343 7.314914 36.698243 7.293512 36.966904 7.160769 37.268659 6.819797 
5 4.737931 13.546763 3.850371 14.768385 2.414268 14.301767 2.414268 12.791759 3.850371 12.325141 
8 17.047195 12.992296 17.376252 10.837666 20.056222 10.508756 20.896536 12.519870 19.629338 13.049350 19.190339 11.998697 18.576729 12.074005 18.404822 13.199634 
3 11.892917 -33.729546 10.257546 -32.785364 10.257546 -34.673728 
4 -9.395181 -10.836985 -10.655363 -9.576802 -11.915546 -10.836985 -10.655363 -12.097167 
6 -11.990049 22.603874 -12.754560 23.928045 -14.283581 23.928045 -15.048091 22.603874 -14.283581 21.279703 -12.754560 21.279703 
7 26.888033 -9.412915 26.227696 -8.041711 24.743933 -7.703052 23.554047 -8.651954 23.554047 -10.173875 24.743933 -11.122777 26.227696 -10.784118 
5 -27.657556 33.820335 -28.548087 35.046047 -29.988998 34.577867 -29.988998 33.062804 -28.548087 32.594623 
8 31.396233 18.032687 33.681695 16.818717 36.044301 18.967688 35.051723 21.357635 33.461357 20.697134 33.989168 19.426261 33.419370 18.907986 32.204057 19.553524 
7 -11.740799 -26.438224 -12.161136 -25.565385 -13.105626 -25.349811 -13.863047 -25.953835 -13.863047 -26.922613 -13.105626 -27.526637 -12.161136 -27.311064 
16 9.090383 2.901328 8.796026 2.192041 9.002544 1.287745 9.694755 0.670297 10.616678 0.568029 11.427381 1.018761 11.827064 1.855812 11.695311 2.612367 10.709826 2.440746 10.786803 1.998727 10.662260 1.737898 10.409641 1.597448 10.122366 1.629315 9.906670 1.821715 9.842318 2.103497 10.014297 2.517901 
8 4.524378 -0.103343 4.216782 -1.967094 6.308821 -3.008409 7.610342 -1.639385 6.731496 -0.803873 6.047205 -1.523655 5.559091 -1.280696 5.720814 -0.300805 
3 -5.966711 8.744948 -8.006548 9.922648 -8.006548 7.567247 
7 27.505563 20.190137 27.012391 21.214218 25.904245 21.467145 25.015581 20.758459 25.015581 19.621815 25.904245 18.913129 27.012391 19.166056 
5 13.503101 -13.805889 12.280983 -12.123788 10.303555 -12.766293 10.303555 -14.845484 12.280983 -15.487989 
6 17.719339 -29.716099 20.774208 -29.823201 19.584261 -27.007580 18.444157 -27.489415 18.878969 -28.518254 17.762707 -28.479119 
6 -28.349818 1.033361 -27.198962 -0.436613 -25.385513 0.006890 -25.700632 1.295386 -26.682349 1.055294 -27.305369 1.851070 
12 -23.381459 22.347355 -24.274026 22.849155 -25.482435 22.568972 -26.185887 21.547253 -26.016437 20.318416 -25.229180 19.663659 -24.515282 20.522025 -24.969612 20.899889 -25.020758 21.270796 -24.808431 21.579188 -24.443690 21.663757 -23.928584 21.374166 
4 -31.372505 -14.725045 -32.971077 -13.126474 -34.569648 -14.725045 -32.971077 -16.323616 
3 20.086430 -5.120589 17.920059 -3.869834 17.920059 -6.371344 
3 9.806665 15.087923 7.889076 16.195043 7.889076 13.980802 
10 -2.106694 30.732856 -3.408948 30.865466 -4.387593 29.599551 -3.829816 28.099826 -2.547065 27.839058 -2.338289 28.866051 -3.050504 29.010836 -3.202378 29.419188 -2.935908 29.763877 -2.212865 29.690248 
7 21.177677 -33.095341 20.736903 -32.180065 19.746494 -31.954011 18.952247 -32.587401 18.952247 -33.603281 19.746494 -34.236671 20.736903 -34.010617 
3 15.697852 -9.207526 13.549056 -7.966918 13.549056 -10.448134 
3 31.409972 12.447314 29.817075 13.366974 29.817075 11.527655 
6 -6.816008 -6.099771 -7.088859 -7.767336 -5.649833 -8.653015 -5.038602 -7.659903 -5.811775 -7.184037 -5.665175 -6.288072 
6 15.084174 36.647350 14.366722 37.890012 12.931819 37.890012 12.214367 36.647350 12.931819 35.404687 14.366722 35.404687 
3 -33.877439 -8.724625 -36.156737 -7.408672 -36.156737 -10.040579 
6 26.725065 11.352016 24.946009 9.741743 26.572122 7.977154 27.488786 8.821883 26.714988 9.661576 27.561565 10.427836 
8 -34.097701 -31.669623 -35.521928 -33.070973 -34.430770 -35.285799 -32.451775 -35.010514 -32.631414 -33.719104 -33.677446 -33.864610 -33.936038 -33.339722 -33.183238 -32.599015 
4 -14.813326 2.564694 -15.852876 3.604243 -16.892425 2.564694 -15.852876 1.525144 
8 31.674685 -27.822032 31.336811 -27.006331 30.521110 -26.668457 29.705409 -27.006331 29.367535 -27.822032 29.705409 -28.637733 30.521110 -28.975607 31.336811 -28.637733 
8 5.512366 -13.434537 5.157185 -12.577056 4.299704 -12.221875 3.442222 -12.577056 3.087041 -13.434537 3.442222 -14.292019 4.299704 -14.647200 5.157185 -14.292019 
4 25.734397 5.275613 24.378986 6.631024 23.023575 5.275613 24.378986 3.920202 
3 1.926518 17.012967 0.377043 17.907557 0.377043 16.118377 
6 -29.820578 19.907634 -30.361673 20.844838 -31.443863 20.844838 -31.984958 19.907634 -31.443863 18.970430 -30.361673 18.970430 
5 -28.880732 -17.971791 -29.840303 -16.651055 -31.392921 -17.155532 -31.392921 -18.788051 -29.840303 -19.292527 
4 1.438980 23.798610 0.288401 24.949190 -0.862178 23.798610 0.288401 22.648031 
7 36.457194 -14.133448 35.812088 -12.793872 34.362549 -12.463024 33.200108 -13.390039 33.200108 -14.876856 34.362549 -15.803872 35.812088 -15.473024 
