 26.9000  23.9000  40.6500  37.5000
  0.3000  28.3000  25.3000
  0.3000  29.5000  25.3000
  0.3000  30.7000  25.3000
  0.3000  31.9000  25.3000
  0.3000  33.1000  25.3000
  0.3000  28.3000  26.5000
  0.3000  29.5000  26.5000
  0.3000  30.7000  26.5000
  0.3000  31.9000  26.5000
  0.3000  33.1000  26.5000
  0.3000  28.3000  27.7000
  0.3000  29.5000  27.7000
  0.3000  30.7000  27.7000
  0.3000  31.9000  27.7000
  0.3000  33.1000  27.7000
  0.3000  28.3000  28.9000
  0.3000  29.5000  28.9000
  0.3000  30.7000  28.9000
  0.3000  31.9000  28.9000
  0.3000  33.1000  28.9000
