100
12 -32.057317 26.220213 -31.350802 27.056495 -31.146912 28.361084 -31.650656 29.581644 -32.715316 30.362683 -33.806000 30.457234 -33.945087 28.852804 -33.304019 28.797230 -32.967130 28.550087 -32.807731 28.163867 -32.872248 27.751057 -33.287514 27.259518 
4 -21.148755 35.745145 -22.921204 37.517595 -24.693654 35.745145 -22.921204 33.972695 
6 11.081655 -28.824391 8.676801 -27.900999 6.683707 -29.533038 7.943656 -31.071725 9.042695 -30.171781 10.368787 -30.680961 
12 30.676514 -27.252685 30.174936 -28.189210 30.410816 -29.452319 31.385388 -30.289751 32.669610 -30.332840 33.519978 -29.696023 32.761263 -28.682880 32.267184 -29.052882 31.872703 -29.039646 31.573338 -28.782407 31.500881 -28.394411 31.792307 -27.850274 
8 -19.226397 -2.118644 -19.733798 -0.893670 -20.958771 -0.386270 -22.183745 -0.893670 -22.691145 -2.118644 -22.183745 -3.343617 -20.958771 -3.851018 -19.733798 -3.343617 
8 21.077510 -36.409456 22.601384 -36.993345 24.332325 -36.021627 24.627393 -34.416619 23.147000 -34.144460 22.979635 -35.054837 22.480421 -35.335086 21.616065 -35.003898 
14 -29.590419 30.337471 -28.866294 29.362177 -27.392158 29.267949 -26.367763 30.332173 -26.518123 31.801645 -27.736822 32.636349 -28.908257 32.314955 -28.608759 31.223323 -27.943462 31.405853 -27.590791 31.164304 -27.547279 30.739064 -27.843722 30.431095 -28.270312 30.458363 -28.681566 31.012265 
5 22.248137 -1.247954 21.117301 0.308508 19.287571 -0.286008 19.287571 -2.209900 21.117301 -2.804416 
3 -16.128062 -35.373871 -17.762812 -34.430048 -17.762812 -36.317694 
7 19.434220 -27.400419 18.931027 -26.355527 17.800362 -26.097461 16.893640 -26.820548 16.893640 -27.980289 17.800362 -28.703376 18.931027 -28.445310 
7 -10.284032 27.514284 -10.830636 28.649318 -12.058843 28.929648 -13.043788 28.144180 -13.043788 26.884388 -12.058843 26.098920 -10.830636 26.379250 
8 -3.405591 27.715936 -2.601239 30.745389 -6.275197 32.125773 -7.664701 29.316173 -6.098811 28.541754 -5.409999 29.934544 -4.695275 29.666006 -5.094012 28.164229 
8 4.093043 10.703259 3.583436 11.933560 2.353136 12.443167 1.122835 11.933560 0.613228 10.703259 1.122835 9.472959 2.353136 8.963352 3.583436 9.472959 
12 16.888936 37.343916 15.898502 35.555006 17.017568 33.324628 19.490211 32.988578 21.163940 34.839395 20.686863 36.827751 19.025368 36.429100 19.292189 35.317045 18.827351 34.803024 18.140633 34.896354 17.829839 35.515789 18.383773 36.516297 
4 11.940021 20.519661 10.068327 22.391356 8.196632 20.519661 10.068327 18.647967 
16 -31.323241 -14.564006 -30.297515 -14.485188 -29.256771 -13.811613 -28.663874 -12.722886 -28.662690 -11.483189 -29.253507 -10.393332 -30.292962 -9.717771 -31.318536 -9.636993 -31.448894 -11.292056 -30.843916 -11.339706 -30.511960 -11.555450 -30.323280 -11.903501 -30.323658 -12.299404 -30.513003 -12.647094 -30.845369 -12.862203 -31.450438 -12.908698 
10 -38.184110 -21.399769 -37.844588 -22.919395 -36.037035 -23.519597 -34.592398 -22.278423 -34.854873 -20.743612 -36.064812 -20.950529 -35.919493 -21.800278 -36.309803 -22.135616 -36.798165 -21.973455 -36.986141 -21.132113 
12 -5.017121 -10.853516 -4.007580 -10.635338 -3.300557 -9.602271 -3.497037 -8.365944 -4.489493 -7.602963 -5.516934 -7.708507 -5.404514 -8.802879 -4.812771 -8.742092 -4.514789 -8.971174 -4.455796 -9.342378 -4.668078 -9.652554 -5.249512 -9.778211 
4 18.006147 -9.473325 16.929527 -8.396705 15.852907 -9.473325 16.929527 -10.549945 
6 -22.160908 -18.567053 -23.043554 -17.038265 -24.808845 -17.038265 -25.691491 -18.567053 -24.808845 -20.095840 -23.043554 -20.095840 
7 30.653172 -36.683104 30.186078 -35.713173 29.136527 -35.473620 28.294853 -36.144833 28.294853 -37.221375 29.136527 -37.892587 30.186078 -37.653034 
4 31.112015 -6.586976 29.629187 -5.104148 28.146358 -6.586976 29.629187 -8.069805 
12 2.435823 1.783415 1.581357 2.851860 0.002852 3.338306 -1.575936 2.852778 -2.608319 1.563401 -2.714746 0.199451 -0.877462 0.056091 -0.815169 0.854432 -0.491968 1.258088 0.002291 1.410088 0.496462 1.257800 0.996594 0.632423 
5 -2.116569 -31.795627 -2.889139 -30.732276 -4.139183 -31.138440 -4.139183 -32.452814 -2.889139 -32.858978 
6 -14.444630 17.597721 -13.136984 15.983170 -11.213192 16.767857 -11.715077 17.998314 -12.725295 17.586261 -13.411964 18.434090 
7 -36.069221 18.070338 -36.486659 18.937155 -37.424632 19.151242 -38.176828 18.551385 -38.176828 17.589290 -37.424632 16.989434 -36.486659 17.203520 
12 -32.677600 4.124507 -31.089649 4.173673 -29.713802 5.519774 -29.612204 7.441914 -30.838479 8.925555 -32.412399 9.141848 -32.647130 7.433765 -31.739171 7.308990 -31.369419 6.861636 -31.400053 6.282063 -31.814905 5.876181 -32.730958 5.847817 
6 11.020533 -19.315418 10.377512 -18.201673 9.091471 -18.201673 8.448450 -19.315418 9.091471 -20.429162 10.377512 -20.429162 
5 27.572016 -16.644542 26.363941 -14.981770 24.409236 -15.616892 24.409236 -17.672191 26.363941 -18.307314 
7 -20.608228 8.156429 -21.034185 9.040937 -21.991302 9.259393 -22.758849 8.647294 -22.758849 7.665563 -21.991302 7.053464 -21.034185 7.271920 
4 21.020283 8.402079 19.441865 9.980496 17.863447 8.402079 19.441865 6.823661 
16 9.420042 -10.908742 9.351850 -9.822447 8.541850 -8.787513 7.288413 -8.392439 6.031361 -8.775855 5.211785 -9.803222 5.117269 -11.114045 5.666949 -12.053480 6.923871 -11.318034 6.602249 -10.768363 6.631812 -10.358368 6.888156 -10.037031 7.281333 -9.917107 7.673379 -10.040677 7.926729 -10.364380 7.966628 -10.999980 
3 -25.114647 7.869993 -27.600815 9.305382 -27.600815 6.434603 
8 -12.867839 -14.525495 -13.399853 -13.241097 -14.684251 -12.709082 -15.968648 -13.241097 -16.500663 -14.525495 -15.968648 -15.809892 -14.684251 -16.341907 -13.399853 -15.809892 
3 -17.672145 11.001801 -19.479842 12.045476 -19.479842 9.958127 
12 -2.542141 -22.466703 -1.581045 -22.958345 -0.364920 -22.465125 0.057060 -21.222483 -0.607243 -20.090702 -1.668981 -19.895426 -1.853066 -20.896316 -1.249229 -21.007374 -1.056279 -21.336106 -1.178845 -21.697037 -1.532075 -21.840296 -2.078675 -21.560686 
8 -6.849441 7.992050 -7.414780 9.356899 -8.779630 9.922238 -10.144479 9.356899 -10.709819 7.992050 -10.144479 6.627200 -8.779630 6.061861 -7.414780 6.627200 
6 13.633456 3.458644 11.466144 5.763830 9.839323 3.050054 11.041793 2.329212 11.715069 3.452335 12.612032 2.498311 
5 32.567193 -33.403509 31.704101 -32.215565 30.307588 -32.669319 30.307588 -34.137699 31.704101 -34.591454 
4 -5.981431 -21.733203 -7.147473 -20.567161 -8.313515 -21.733203 -7.147473 -22.899245 
7 -21.588151 19.445970 -22.314566 20.954387 -23.946807 21.326935 -25.255762 20.283078 -25.255762 18.608861 -23.946807 17.565004 -22.314566 17.937553 
5 -31.154442 20.267302 -32.349971 21.912807 -34.284378 21.284280 -34.284378 19.250325 -32.349971 18.621798 
4 -30.682214 -24.991970 -32.614018 -23.060166 -34.545822 -24.991970 -32.614018 -26.923775 
12 -21.360753 -20.962616 -22.229911 -22.137264 -21.684720 -23.833567 -19.988884 -24.380207 -18.555676 -23.321627 -18.575217 -21.860513 -19.824673 -21.877223 -19.813705 -22.697356 -20.215642 -22.994231 -20.691233 -22.840928 -20.844130 -22.365206 -20.356265 -21.705868 
5 13.528066 -2.823719 12.469639 -1.366919 10.757069 -1.923367 10.757069 -3.724070 12.469639 -4.280518 
4 -11.742819 1.836480 -12.901722 2.995383 -14.060625 1.836480 -12.901722 0.677576 
14 -19.170211 -5.820169 -20.849593 -5.986188 -22.024948 -7.667907 -21.512802 -9.654700 -19.670924 -10.558652 -17.785997 -9.748287 -17.283264 -8.137342 -18.794748 -7.665648 -19.080504 -8.581316 -19.627172 -8.816339 -20.161355 -8.554174 -20.309888 -7.977963 -19.969010 -7.490230 -19.014442 -7.395864 
8 13.698576 25.478359 15.391151 25.188461 16.566759 26.942256 15.655513 28.397757 14.624391 27.752202 15.117335 26.964840 14.819558 26.520609 13.903949 26.677431 
4 32.305528 1.871480 30.607694 3.569314 28.909861 1.871480 30.607694 0.173646 
6 -6.833171 -6.630839 -7.725503 -5.085275 -9.510167 -5.085275 -10.402498 -6.630839 -9.510167 -8.176404 -7.725503 -8.176404 
3 35.211585 -19.307429 33.012019 -18.037509 33.012019 -20.577349 
8 13.239915 16.803810 12.937476 17.533963 12.207323 17.836403 11.477170 17.533963 11.174731 16.803810 11.477170 16.073658 12.207323 15.771218 12.937476 16.073658 
8 21.936226 4.243974 21.549072 5.178647 20.614399 5.565801 19.679726 5.178647 19.292572 4.243974 19.679726 3.309301 20.614399 2.922147 21.549072 3.309301 
6 24.381560 -31.536251 27.704695 -34.048430 28.998162 -30.088479 27.298017 -29.533149 26.783082 -31.109624 25.460126 -30.109513 
4 31.411388 7.150180 29.541424 9.020144 27.671459 7.150180 29.541424 5.280215 
6 -27.321541 37.278632 -28.017100 38.483375 -29.408218 38.483375 -30.103778 37.278632 -29.408218 36.073888 -28.017100 36.073888 
12 -35.712718 26.254719 -36.512799 26.393090 -37.416214 26.013980 -37.973371 25.208089 -38.008952 24.228999 -37.596906 23.529361 -36.607386 24.112131 -36.849145 24.522629 -36.837937 24.831046 -36.662431 25.084905 -36.377851 25.204326 -35.908420 25.123140 
8 18.839791 23.926325 19.111231 22.057032 20.960260 20.703025 22.824284 21.008560 22.513649 22.903696 21.444774 22.728495 20.895935 23.130399 20.740285 24.202296 
5 31.591739 -11.842147 30.558697 -10.420286 28.887199 -10.963389 28.887199 -12.720905 30.558697 -13.264008 
8 -14.161561 30.175695 -15.078893 31.774299 -17.199704 30.871643 -16.683569 29.102283 -15.685012 29.393570 -15.942500 30.276262 -15.521385 30.455496 -15.063750 29.657990 
8 6.752356 31.429207 6.411268 32.252667 5.587809 32.593755 4.764349 32.252667 4.423261 31.429207 4.764349 30.605748 5.587809 30.264660 6.411268 30.605748 
6 7.189626 -20.351855 6.448774 -19.068661 4.967068 -19.068661 4.226216 -20.351855 4.967068 -21.635050 6.448774 -21.635050 
7 31.314721 14.018751 30.673928 15.349372 29.234078 15.678008 28.079409 14.757190 28.079409 13.280312 29.234078 12.359494 30.673928 12.688130 
6 -17.277640 33.829235 -16.498877 35.734245 -17.975693 37.167613 -18.959128 36.154369 -18.166911 35.385460 -18.584668 34.363545 
7 22.028643 -9.063018 21.596911 -8.166517 20.626818 -7.945100 19.848864 -8.565497 19.848864 -9.560538 20.626818 -10.180936 21.596911 -9.959519 
12 5.612964 21.280244 4.632181 21.252968 3.735120 20.475643 3.533621 19.305878 4.118900 18.273212 5.034032 17.919353 5.449633 18.994161 4.918457 19.199553 4.739138 19.515944 4.800874 19.874338 5.075717 20.112497 5.645000 20.128329 
16 14.118888 -16.009444 14.949842 -16.613006 16.190451 -16.548404 17.114313 -15.717884 17.310191 -14.491135 16.690895 -13.414215 15.532090 -12.966492 14.554501 -13.281279 14.927424 -14.439411 15.495197 -14.256586 15.850793 -14.393976 16.040833 -14.724444 15.980725 -15.100890 15.697224 -15.355746 15.316526 -15.375570 14.833917 -15.025028 
5 -33.670088 33.409333 -35.017081 35.263310 -37.196563 34.555154 -37.196563 32.263511 -35.017081 31.555355 
4 34.135485 -24.541278 33.102841 -23.508634 32.070197 -24.541278 33.102841 -25.573922 
4 24.061141 -21.658239 22.335001 -19.932099 20.608861 -21.658239 22.335001 -23.384379 
6 -1.052810 20.212356 1.672119 19.761597 2.942381 22.214117 1.348881 23.039458 0.678388 21.744924 -0.759934 21.982852 
8 37.483345 5.684402 38.452462 6.700029 38.302362 8.399501 37.170234 9.229543 36.380476 8.152359 37.025049 7.679778 37.068773 7.184729 36.517010 6.606485 
8 10.218729 7.254909 10.173634 9.249485 8.316746 10.808630 6.344445 10.507970 6.630621 8.630679 7.753593 8.801866 8.294560 8.347641 8.320236 7.211985 
5 -1.095811 11.350309 -2.459333 13.227036 -4.665558 12.510190 -4.665558 10.190428 -2.459333 9.473582 
4 -26.637821 15.555424 -27.653150 16.570752 -28.668479 15.555424 -27.653150 14.540095 
6 -32.674943 -17.907854 -33.227820 -16.950243 -34.333574 -16.950243 -34.886451 -17.907854 -34.333574 -18.865466 -33.227820 -18.865466 
3 -32.577294 24.535951 -34.285868 25.522396 -34.285868 23.549505 
14 34.583154 21.225314 34.677151 20.393346 35.380761 19.665724 36.382161 19.518416 37.265500 20.012594 37.663958 20.943042 37.455595 21.753962 36.460103 21.498175 36.581406 21.026078 36.458379 20.738796 36.185642 20.586215 35.876453 20.631697 35.659208 20.856356 35.604485 21.340706 
8 -5.999512 18.671568 -4.680851 19.514974 -4.331551 21.383027 -5.256362 22.645930 -6.505778 21.730996 -5.976953 21.008842 -6.079874 20.458423 -6.833911 19.976146 
12 36.045699 -26.691781 36.905993 -26.825775 37.845441 -26.352959 38.334581 -25.421906 38.190885 -24.380048 37.592425 -23.747668 36.772482 -24.523630 37.122043 -24.893004 37.166790 -25.217434 37.014473 -25.507360 36.721933 -25.654593 36.219435 -25.576327 
7 17.349836 15.287576 16.937420 16.143967 16.010728 16.355479 15.267579 15.762837 15.267579 14.812314 16.010728 14.219672 16.937420 14.431184 
4 -19.577580 3.546607 -20.794628 4.763655 -22.011676 3.546607 -20.794628 2.329558 
4 28.175403 17.632096 26.662731 19.144768 25.150059 17.632096 26.662731 16.119424 
5 -30.401385 1.202219 -31.231486 2.344755 -32.574617 1.908345 -32.574617 0.496093 -31.231486 0.059683 
12 -8.694340 -32.982728 -7.239376 -32.281496 -6.881806 -30.345466 -8.233014 -28.913579 -10.186506 -29.158394 -10.970846 -30.570293 -9.752234 -31.247259 -9.311365 -30.453647 -8.761463 -30.384732 -8.381101 -30.787804 -8.481756 -31.332791 -9.299575 -31.726946 
4 37.974597 -36.117219 36.179262 -34.321884 34.383927 -36.117219 36.179262 -37.912554 
14 -17.561285 -24.877149 -17.880461 -26.098185 -17.175083 -27.454451 -15.742176 -27.987173 -14.322115 -27.421096 -13.648638 -26.048710 -13.996274 -24.835469 -15.327478 -25.216906 -15.126749 -25.917443 -15.330308 -26.332249 -15.759524 -26.503346 -16.192622 -26.342330 -16.405823 -25.932397 -16.221528 -25.227358 
6 -0.062304 -12.575812 -0.705736 -11.461355 -1.992599 -11.461355 -2.636031 -12.575812 -1.992599 -13.690269 -0.705736 -13.690269 
6 -26.889900 -6.861983 -27.646895 -5.550829 -29.160884 -5.550829 -29.917879 -6.861983 -29.160884 -8.173136 -27.646895 -8.173136 
6 8.596434 23.499060 8.003808 24.525518 6.818556 24.525518 6.225930 23.499060 6.818556 22.472602 8.003808 22.472602 
12 37.662134 -14.400695 36.838966 -14.782654 36.304774 -15.740040 36.434352 -16.828690 37.178344 -17.633939 38.068169 -17.812007 38.296643 -16.670297 37.777209 -16.566350 37.545892 -16.315987 37.505605 -15.977511 37.671692 -15.679846 38.152215 -15.456879 
3 2.100032 29.141828 0.168927 30.256752 0.168927 28.026904 
6 24.461130 32.138402 23.911330 33.090683 22.811730 33.090683 22.261930 32.138402 22.811730 31.186121 23.911330 31.186121 
3 14.691288 -30.618063 12.945640 -29.610213 12.945640 -31.625913 
6 -16.258487 25.829563 -16.762226 26.702064 -17.769703 26.702064 -18.273441 25.829563 -17.769703 24.957063 -16.762226 24.957063 
10 -36.564423 -12.820787 -37.454646 -13.099730 -38.051321 -14.058520 -37.878316 -15.174481 -37.168725 -15.780111 -36.481379 -14.974777 -36.892211 -14.624135 -36.944870 -14.284460 -36.763255 -13.992625 -36.247842 -13.831125 
8 9.014068 31.352090 9.417436 29.372375 11.907057 29.142804 12.665649 31.015372 11.468430 31.500375 11.070132 30.517186 10.491578 30.570536 10.279791 31.609981 
8 25.105756 37.111322 24.792745 37.866997 24.037070 38.180008 23.281395 37.866997 22.968384 37.111322 23.281395 36.355647 24.037070 36.042636 24.792745 36.355647 
8 -7.585750 3.089087 -8.689614 4.440997 -10.620881 3.451761 -10.168787 1.766002 -9.154032 2.038143 -9.386183 2.903781 -8.966376 3.118814 -8.399542 2.424609 
7 -28.028784 12.066885 -28.576987 13.205241 -29.808788 13.486391 -30.796616 12.698625 -30.796616 11.435145 -29.808788 10.647379 -28.576987 10.928529 
