22
4 -40.000000 -41.000000 40.000000 -41.000000 40.000000 -40.000000 -40.000000 -40.000000 
4 -40.000000 40.000000 40.000000 40.000000 40.000000 41.000000 -40.000000 41.000000 
4 -41.000000 -41.000000 -40.000000 -41.000000 -40.000000 41.000000 -41.000000 41.000000 
4 40.000000 -41.000000 41.000000 -41.000000 41.000000 41.000000 40.000000 41.000000 
4 0.500000 32.000000 0.500000 40.000000 -0.500000 40.000000 -0.500000 32.000000 
4 -0.500000 -32.000000 -0.500000 -40.000000 0.500000 -40.000000 0.500000 -32.000000 
6 4.808478 5.743128 2.239275 7.168990 -0.684729 7.458963 -0.783414 6.463844 1.934818 6.194278 4.323218 4.868758 
6 -5.743128 4.808478 -7.168990 2.239275 -7.458963 -0.684729 -6.463844 -0.783414 -6.194278 1.934818 -4.868758 4.323218 
6 -4.808478 -5.743128 -2.239275 -7.168990 0.684729 -7.458963 0.783414 -6.463844 -1.934818 -6.194278 -4.323218 -4.868758 
6 5.743128 -4.808478 7.168990 -2.239275 7.458963 0.684729 6.463844 0.783414 6.194278 -1.934818 4.868758 -4.323218 
6 -2.282603 17.326437 -11.963109 12.807727 -17.130715 3.457498 -16.255489 2.973785 -11.245280 12.039218 -1.859630 16.420295 
6 -17.326437 -2.282603 -12.807727 -11.963109 -3.457498 -17.130715 -2.973785 -16.255489 -12.039218 -11.245280 -16.420295 -1.859630 
6 2.282603 -17.326437 11.963109 -12.807727 17.130715 -3.457498 16.255489 -2.973785 11.245280 -12.039218 1.859630 -16.420295 
6 17.326437 2.282603 12.807727 11.963109 3.457498 17.130715 2.973785 16.255489 12.039218 11.245280 16.420295 1.859630 
6 -23.078291 14.899944 -27.334660 -3.292271 -18.880425 -19.953581 -17.988659 -19.501084 -26.277874 -3.164988 -22.104587 14.672130 
6 -14.899944 -23.078291 3.292271 -27.334660 19.953581 -18.880425 19.501084 -17.988659 3.164988 -26.277874 -14.672130 -22.104587 
6 23.078291 -14.899944 27.334660 3.292271 18.880425 19.953581 17.988659 19.501084 26.277874 3.164988 22.104587 -14.672130 
6 14.899944 23.078291 -3.292271 27.334660 -19.953581 18.880425 -19.501084 17.988659 -3.164988 26.277874 14.672130 22.104587 
6 -37.376542 -2.631217 -26.742044 -26.336738 -3.201686 -37.332002 -2.778492 -36.425963 -25.981877 -25.588093 -36.464146 -2.221908 
6 2.631217 -37.376542 26.336738 -26.742044 37.332002 -3.201686 36.425963 -2.778492 25.588093 -25.981877 2.221908 -36.464146 
6 37.376542 2.631217 26.742044 26.336738 3.201686 37.332002 2.778492 36.425963 25.981877 25.588093 36.464146 2.221908 
6 -2.631217 37.376542 -26.336738 26.742044 -37.332002 3.201686 -36.425963 2.778492 -25.588093 25.981877 -2.221908 36.464146 
