20
6 -17.161850 33.075358 -18.122702 34.739603 -20.044407 34.739603 -21.005259 33.075358 -20.044407 31.411113 -18.122702 31.411113 
14 28.592919 -8.781922 28.310961 -9.672818 28.516622 -10.779793 29.219237 -11.659579 30.253319 -12.104961 31.375312 -12.011039 32.160144 -11.503856 31.329212 -10.218045 30.866003 -10.517386 30.507212 -10.547420 30.176534 -10.404996 29.951852 -10.123658 29.886085 -9.769670 30.052498 -9.243861 
5 -34.738723 -2.728692 -35.631560 -1.499809 -37.076199 -1.969201 -37.076199 -3.488184 -35.631560 -3.957576 
8 13.432249 31.019874 11.309914 32.632932 8.540225 30.859698 9.116897 28.257062 10.858438 28.642939 10.551282 30.029195 11.222449 30.458895 12.352879 29.599723 
8 -9.248915 -31.810634 -10.560371 -31.820129 -11.362258 -33.210254 -10.713889 -34.350265 -9.823565 -33.843903 -10.181897 -33.213856 -9.966298 -32.840101 -9.241499 -32.834853 
3 -9.002055 25.660476 -11.642230 27.184782 -11.642230 24.136170 
8 27.408030 -34.159320 26.912726 -32.963553 25.716959 -32.468249 24.521191 -32.963553 24.025888 -34.159320 24.521191 -35.355088 25.716959 -35.850391 26.912726 -35.355088 
8 -20.470840 16.049664 -20.935743 17.172039 -22.058118 17.636941 -23.180492 17.172039 -23.645395 16.049664 -23.180492 14.927289 -22.058118 14.462387 -20.935743 14.927289 
6 18.908174 -26.351977 18.226420 -25.171145 16.862914 -25.171145 16.181160 -26.351977 16.862914 -27.532808 18.226420 -27.532808 
12 34.098686 -28.951595 35.011648 -28.769136 35.800219 -27.968147 36.003258 -26.862614 35.550761 -25.833694 34.762211 -25.338741 34.094018 -26.403292 34.555622 -26.693030 34.697323 -27.015241 34.633741 -27.361444 34.386796 -27.612278 33.852363 -27.719087 
5 31.879603 10.743059 31.156078 11.738905 29.985391 11.358526 29.985391 10.127592 31.156078 9.747213 
10 -24.333725 24.035818 -22.930177 23.347249 -21.082981 23.750094 -19.886463 25.213911 -19.863885 26.777102 -21.741371 26.804220 -21.754496 25.895480 -22.122559 25.445193 -22.690778 25.321273 -23.506712 25.721564 
4 -3.899548 -23.772728 -5.109238 -22.563038 -6.318928 -23.772728 -5.109238 -24.982418 
3 37.381457 10.488949 34.828443 11.962933 34.828443 9.014965 
10 16.686725 8.906967 17.820243 9.066043 18.511027 10.276818 17.975346 11.563754 16.870218 11.861845 16.605729 10.881293 17.229371 10.713075 17.381772 10.346942 17.185245 10.002478 16.545582 9.912709 
8 16.329662 -35.685813 16.813863 -36.657081 18.063932 -37.070136 19.031492 -36.578568 18.528401 -35.588328 17.973217 -35.870389 17.601530 -35.747573 17.323697 -35.190262 
14 -24.025369 2.686622 -24.530106 1.779892 -24.487763 0.529075 -23.806486 -0.520780 -22.681403 -1.068981 -21.434754 -0.958514 -20.596324 -0.346996 -21.503572 0.896901 -21.996552 0.537341 -22.391393 0.502353 -22.747732 0.675980 -22.963507 1.008493 -22.976918 1.404654 -22.680143 1.937793 
6 11.882644 -28.274402 11.285803 -27.240645 10.092123 -27.240645 9.495283 -28.274402 10.092123 -29.308160 11.285803 -29.308160 
14 6.519512 -21.031490 5.775119 -21.587900 5.383492 -22.638780 5.623275 -23.734328 6.418080 -24.525533 7.514706 -24.760340 8.384078 -24.431852 7.922398 -23.209974 7.412462 -23.402650 7.067284 -23.328741 6.817107 -23.079698 6.741632 -22.734858 6.864902 -22.404078 7.301530 -22.077713 
12 16.913382 -0.841939 15.880625 -0.638971 14.716613 -1.149415 14.052051 -2.232851 14.124615 -3.501791 14.773620 -4.330390 15.871522 -3.470452 15.491981 -2.985885 15.469315 -2.589519 15.676898 -2.251098 16.040487 -2.091656 16.644447 -2.210353 
