79
4 -40.000000 -41.000000 40.000000 -41.000000 40.000000 -40.000000 -40.000000 -40.000000 
4 -40.000000 40.000000 40.000000 40.000000 40.000000 41.000000 -40.000000 41.000000 
4 -41.000000 -41.000000 -40.000000 -41.000000 -40.000000 41.000000 -41.000000 41.000000 
4 40.000000 -41.000000 41.000000 -41.000000 41.000000 41.000000 40.000000 41.000000 
4 37.542903 14.421513 36.027748 15.936668 34.512592 14.421513 36.027748 12.906357 
5 -16.177166 -20.179135 -17.263199 -18.684338 -19.020439 -19.255300 -19.020439 -21.102971 -17.263199 -21.673933 
8 30.711137 8.375455 29.567193 10.216045 27.171832 8.925947 28.079145 6.957912 29.148983 7.451134 28.705200 8.413737 29.151054 8.653866 29.710579 7.753599 
10 -12.661644 1.982494 -14.512127 3.025774 -16.914462 2.070673 -17.679946 -0.398631 -16.495988 -2.162425 -14.894750 -1.087584 -15.564939 -0.089174 -15.345361 0.619143 -14.656254 0.893113 -13.608773 0.302555 
7 21.506409 -8.073531 20.634375 -6.262735 18.674934 -5.815505 17.103583 -7.068615 17.103583 -9.078448 18.674934 -10.331558 20.634375 -9.884328 
7 14.674688 -25.938722 13.955353 -24.445008 12.339022 -24.076091 11.042825 -25.109773 11.042825 -26.767671 12.339022 -27.801354 13.955353 -27.432437 
16 27.598958 -26.908005 26.355088 -26.042362 24.531904 -25.916299 22.902463 -26.743832 21.928721 -28.290349 21.886741 -30.117404 22.788425 -31.707013 24.106655 -32.454558 25.221477 -30.488666 24.446215 -30.049029 24.160474 -29.545285 24.173777 -28.966295 24.482354 -28.476207 24.998721 -28.213963 25.576484 -28.253912 26.308014 -28.763004 
6 -24.245679 -22.362632 -22.973366 -20.517496 -24.861601 -19.310070 -25.478811 -20.275296 -24.589947 -20.843677 -25.188873 -21.712253 
8 33.164483 1.497538 32.774877 2.438129 31.834286 2.827735 30.893694 2.438129 30.504088 1.497538 30.893694 0.556946 31.834286 0.167341 32.774877 0.556946 
16 7.443199 31.882554 6.497911 31.920375 5.591004 31.221754 5.343376 30.104062 5.870337 29.087762 6.926505 28.646102 8.020066 28.984744 8.533856 29.779112 7.614321 30.373858 7.316410 29.913261 6.982271 29.809788 6.659557 29.944738 6.498543 30.255270 6.574206 30.596783 6.851313 30.810248 7.399419 30.788318 
4 -19.236954 -5.959869 -21.152602 -4.044220 -23.068251 -5.959869 -21.152602 -7.875517 
7 10.153068 -15.051631 9.404884 -13.498012 7.723731 -13.114299 6.375551 -14.189437 6.375551 -15.913824 7.723731 -16.988962 9.404884 -16.605249 
6 -5.879407 -15.534553 -7.035067 -13.532892 -9.346387 -13.532892 -10.502047 -15.534553 -9.346387 -17.536215 -7.035067 -17.536215 
4 -30.195736 -20.394725 -31.401530 -19.188932 -32.607323 -20.394725 -31.401530 -21.600519 
6 -26.052868 27.535906 -26.894352 28.993399 -28.577320 28.993399 -29.418804 27.535906 -28.577320 26.078414 -26.894352 26.078414 
10 -25.746618 16.375840 -26.101518 15.230636 -25.472948 13.920901 -24.121342 13.388297 -23.004674 13.824758 -23.475564 15.029512 -24.119420 14.777854 -24.526428 14.938236 -24.715708 15.332635 -24.511077 15.992944 
8 -29.808035 19.220878 -30.198923 21.880948 -33.540428 22.048894 -34.196066 19.441423 -32.643444 19.051023 -32.308274 20.383993 -31.591803 20.347982 -31.391977 18.988124 
16 8.776194 -4.210271 9.446692 -3.778683 9.925391 -2.945892 9.968134 -1.986273 9.565373 -1.114219 8.807089 -0.524559 7.862693 -0.349030 7.099378 -0.579653 7.487452 -1.864093 7.938361 -1.727858 8.241040 -1.784115 8.484071 -1.973102 8.613156 -2.252596 8.599457 -2.560155 8.446034 -2.827065 8.049954 -3.082015 
5 32.771883 -29.136775 31.813113 -27.817142 30.261791 -28.321197 30.261791 -29.952353 31.813113 -30.456408 
10 14.972225 -9.500261 15.170606 -8.241702 14.194653 -7.040254 12.648702 -6.962819 11.750575 -7.866530 12.622006 -8.732578 13.134137 -8.217264 13.586295 -8.239912 13.871740 -8.591310 13.758620 -9.308966 
8 -4.505308 19.221491 -1.559692 17.087344 1.680845 20.258463 -0.389026 23.249595 -2.136751 22.040165 -1.087186 20.523458 -1.764693 19.860464 -3.258321 20.942621 
8 -38.376317 -25.826900 -36.890463 -27.617973 -34.060520 -27.399226 -32.867561 -25.401089 -34.563283 -24.388682 -35.232119 -25.508942 -36.023273 -25.570096 -36.856321 -24.565927 
6 -32.042410 0.991642 -28.937738 -3.143572 -25.230016 0.460839 -26.971837 2.252585 -28.643940 0.627073 -30.044080 2.491965 
6 14.351671 -29.407427 13.638241 -32.297519 16.615024 -32.278111 16.606287 -30.938026 15.352160 -30.946202 15.652730 -29.728598 
4 -31.192777 14.398581 -32.238039 15.443842 -33.283300 14.398581 -32.238039 13.353319 
3 6.637464 -21.712537 4.758885 -20.627939 4.758885 -22.797135 
7 -5.085018 -1.102645 -5.536223 -0.165709 -6.550070 0.065695 -7.363113 -0.582685 -7.363113 -1.622605 -6.550070 -2.270985 -5.536223 -2.039581 
8 17.593085 -15.512382 17.729849 -18.517330 21.500708 -18.633495 21.822178 -15.642663 20.181124 -15.466274 20.023077 -16.936686 19.309123 -16.914692 19.241885 -15.437340 
7 -11.022610 -9.114154 -11.769373 -7.563483 -13.447336 -7.180499 -14.792958 -8.253596 -14.792958 -9.974711 -13.447336 -11.047809 -11.769373 -10.664825 
3 -4.510260 36.258964 -6.715889 37.532384 -6.715889 34.985544 
4 34.119126 12.486888 32.405474 14.200540 30.691822 12.486888 32.405474 10.773236 
12 -21.196211 24.070275 -21.254036 25.240475 -22.261081 26.240675 -23.679140 26.301058 -24.767564 25.390086 -24.924658 24.229037 -23.657788 24.057626 -23.567123 24.727716 -23.238543 25.002725 -22.810452 24.984496 -22.506440 24.682551 -22.473066 24.007179 
14 37.973798 6.407476 37.074655 7.048513 35.740931 6.982692 34.735234 6.104213 34.490725 4.791442 35.112715 3.609799 36.122080 3.161947 36.661679 4.378092 36.074774 4.638500 35.883337 5.002187 35.958593 5.406232 36.268127 5.676611 36.678621 5.696870 37.201437 5.324132 
6 -2.249980 -7.253331 -4.662713 -6.939380 -5.592959 -9.187599 -4.187687 -9.769058 -3.703091 -8.597886 -2.446218 -8.761434 
6 15.255541 35.610929 14.573268 36.792660 13.208722 36.792660 12.526450 35.610929 13.208722 34.429198 14.573268 34.429198 
4 -14.411227 10.623105 -15.967053 12.178931 -17.522879 10.623105 -15.967053 9.067279 
4 -11.646842 16.636437 -13.052594 18.042188 -14.458345 16.636437 -13.052594 15.230685 
8 -35.040004 33.803879 -35.508898 34.935891 -36.640910 35.404786 -37.772922 34.935891 -38.241817 33.803879 -37.772922 32.671867 -36.640910 32.202973 -35.508898 32.671867 
14 -9.166828 -20.988836 -9.162403 -23.317460 -7.010707 -25.157336 -4.213153 -24.723013 -2.720580 -22.317360 -3.573815 -19.617928 -5.715715 -18.704269 -6.573757 -20.715784 -5.356156 -21.235169 -5.108627 -22.018291 -5.541632 -22.716186 -6.353220 -22.842186 -6.977440 -22.308427 -6.979956 -20.984680 
10 35.115968 -8.321197 36.918217 -8.783127 38.323625 -6.976793 37.227814 -4.967511 35.374668 -5.132846 35.490756 -6.434009 36.490961 -6.344773 36.766755 -6.850469 36.413041 -7.305088 35.440307 -7.055769 
5 34.777139 -16.009865 33.225398 -13.874075 30.714627 -14.689874 30.714627 -17.329855 33.225398 -18.145654 
6 15.900505 27.642047 15.282501 28.712460 14.046494 28.712460 13.428491 27.642047 14.046494 26.571633 15.282501 26.571633 
5 4.456890 -18.140467 2.838703 -15.913224 0.220422 -16.763955 0.220422 -19.516979 2.838703 -20.367710 
4 1.360497 9.739299 -0.291757 11.391553 -1.944011 9.739299 -0.291757 8.087045 
7 10.153641 -29.508882 9.595775 -28.350462 8.342263 -28.064356 7.337024 -28.866007 7.337024 -30.151756 8.342263 -30.953407 9.595775 -30.667301 
3 -9.463678 24.939333 -13.113681 27.046663 -13.113681 22.832003 
16 -29.064571 -15.003668 -28.599470 -13.758563 -29.075888 -12.223911 -30.391794 -11.301674 -31.996905 -11.377512 -33.219996 -12.419710 -33.549598 -13.992444 -32.969175 -15.188151 -31.506557 -14.478163 -31.844386 -13.782215 -31.742679 -13.296911 -31.365266 -12.975316 -30.869971 -12.951915 -30.463918 -13.236493 -30.316908 -13.710045 -30.587615 -14.434746 
7 -25.188829 34.493397 -25.922511 36.016902 -27.571078 36.393176 -28.893126 35.338878 -28.893126 33.647915 -27.571078 32.593617 -25.922511 32.969892 
10 13.112424 -4.476347 14.772210 -3.056781 15.167424 -0.442481 13.755860 1.793195 11.665786 2.426949 10.949242 0.063838 12.158979 -0.302979 12.588303 -0.982956 12.468100 -1.778089 11.507414 -2.599735 
3 12.026380 28.636847 10.124340 29.734990 10.124340 27.538704 
10 -16.094292 29.265892 -13.443100 28.562590 -10.935354 30.782215 -11.394589 34.099537 -13.865127 35.291128 -14.847838 33.253665 -13.469076 32.588660 -13.342276 31.672707 -14.034695 31.059841 -15.514276 31.452341 
4 4.615498 13.056988 2.777086 14.895400 0.938675 13.056988 2.777086 11.218577 
6 8.146158 -8.034990 7.232874 -6.453136 5.406307 -6.453136 4.493023 -8.034990 5.406307 -9.616844 7.232874 -9.616844 
8 29.339840 -3.314819 29.250864 -2.231799 28.217290 -1.411775 27.142410 -1.571406 27.300108 -2.633265 27.914651 -2.541999 28.219069 -2.783520 28.269939 -3.402718 
5 -31.297873 25.572571 -32.535012 27.275347 -34.536746 26.624944 -34.536746 24.520197 -32.535012 23.869795 
12 36.151114 -30.367442 35.139139 -31.151283 35.018597 -32.701499 36.085908 -33.832228 37.640496 -33.801266 38.481379 -32.836168 37.545950 -32.021136 37.066185 -32.571771 36.610808 -32.580841 36.298166 -32.249622 36.333476 -31.795526 36.910857 -31.348306 
6 21.530641 35.447080 20.810855 37.039820 19.066364 36.931820 19.139283 35.753990 20.070885 35.811665 20.455269 34.961102 
8 -7.786583 3.827209 -8.746080 4.656127 -10.266485 4.395413 -10.895007 3.294186 -9.884800 2.717613 -9.528541 3.341809 -9.090851 3.416863 -8.546989 2.947016 
14 -19.590675 -10.773457 -20.968054 -11.782611 -21.598764 -13.746724 -20.955622 -15.706801 -19.283869 -16.915428 -17.220978 -16.911732 -15.840826 -15.906373 -17.130048 -14.136534 -17.935683 -14.723391 -18.577010 -14.724540 -19.096737 -14.348794 -19.296682 -13.739430 -19.100602 -13.128813 -18.296585 -12.539740 
8 10.935832 12.466899 10.456076 13.625133 9.297841 14.104890 8.139606 13.625133 7.659850 12.466899 8.139606 11.308664 9.297841 10.828907 10.456076 11.308664 
6 34.653182 20.091219 32.717014 20.111530 31.849420 18.380508 33.111214 17.748093 33.583778 18.690952 34.638376 18.679888 
4 20.519079 24.310728 19.489988 25.339820 18.460896 24.310728 19.489988 23.281637 
4 -17.334951 30.673372 -19.581333 32.919754 -21.827715 30.673372 -19.581333 28.426990 
10 3.695222 1.763103 2.383357 1.228899 2.255138 -0.504800 3.751232 -1.390156 4.939210 -0.618747 4.373748 0.252071 3.725843 -0.168643 3.338107 0.060811 3.371337 0.510126 4.086807 0.801473 
6 14.616079 8.810854 12.434650 6.979904 13.032313 4.195338 15.121699 4.643791 14.794058 6.170298 15.989923 7.174030 
7 13.559716 19.412843 13.146206 20.271504 12.217060 20.483576 11.471942 19.889364 11.471942 18.936323 12.217060 18.342111 13.146206 18.554183 
6 30.501753 -8.316420 29.973411 -7.401305 28.916728 -7.401305 28.388386 -8.316420 28.916728 -9.231534 29.973411 -9.231534 
10 -5.441944 20.945518 -4.530521 22.017773 -5.141953 23.629640 -6.848742 23.872205 -7.694690 22.747575 -6.837820 22.103036 -6.372581 22.721540 -5.919846 22.657198 -5.757660 22.229642 -6.258908 21.639942 
5 23.952993 17.534103 22.467804 19.578289 20.064720 18.797479 20.064720 16.270726 22.467804 15.489917 
14 -16.438488 19.425302 -15.584969 20.833737 -16.179352 22.744686 -18.004332 23.565946 -19.828775 22.743493 -20.421909 20.832156 -19.567471 19.424280 -18.222206 20.240719 -18.708918 21.042684 -18.535915 21.600176 -18.003768 21.840066 -17.471465 21.600524 -17.298097 21.043145 -17.784285 20.240863 
3 -14.345990 5.769568 -17.540104 7.613691 -17.540104 3.925445 
14 -27.047300 -6.563423 -26.370310 -6.523138 -25.654167 -6.130927 -25.174361 -5.470262 -25.022958 -4.667910 -25.229007 -3.877825 -25.664209 -3.357692 -26.609435 -4.148576 -26.351763 -4.456534 -26.285340 -4.711230 -26.334147 -4.969880 -26.488819 -5.182855 -26.719679 -5.309290 -27.120509 -5.333142 
6 -1.177612 28.265237 -2.920269 26.448404 -0.658554 25.342792 -0.177983 26.325880 -1.092658 26.773008 -0.387899 27.507765 
16 -5.798562 15.202069 -5.336485 16.061060 -5.595476 17.213155 -6.546130 17.913624 -7.723235 17.819687 -8.550763 16.977311 -8.623757 15.798723 -8.031294 15.023888 -7.156979 15.692417 -7.499844 16.140822 -7.477653 16.499144 -7.226062 16.755248 -6.868192 16.783807 -6.579169 16.570846 -6.500429 16.220579 -6.767838 15.723472 
6 10.388761 23.974222 7.137732 23.947898 5.622569 21.071413 7.792751 19.928289 8.624331 21.507015 10.408622 21.521463 
