22
4 -40.000000 -41.000000 40.000000 -41.000000 40.000000 -40.000000 -40.000000 -40.000000 
4 -40.000000 40.000000 40.000000 40.000000 40.000000 41.000000 -40.000000 41.000000 
4 -41.000000 -41.000000 -40.000000 -41.000000 -40.000000 41.000000 -41.000000 41.000000 
4 40.000000 -41.000000 41.000000 -41.000000 41.000000 41.000000 40.000000 41.000000 
4 0.500000 32.000000 0.500000 40.000000 -0.500000 40.000000 -0.500000 32.000000 
4 -0.500000 -32.000000 -0.500000 -40.000000 0.500000 -40.000000 0.500000 -32.000000 
6 5.809398 -4.730707 7.120734 -2.382748 7.486615 0.281580 6.495913 0.417629 6.155694 -2.059825 4.936335 -4.243101 
6 4.730707 5.809398 2.382748 7.120734 -0.281580 7.486615 -0.417629 6.495913 2.059825 6.155694 4.243101 4.936335 
6 -5.809398 4.730707 -7.120734 2.382748 -7.486615 -0.281580 -6.495913 -0.417629 -6.155694 2.059825 -4.936335 4.243101 
6 -4.730707 -5.809398 -2.382748 -7.120734 0.281580 -7.486615 0.417629 -6.495913 -2.059825 -6.155694 -4.243101 -4.936335 
6 17.350501 -2.068685 15.063222 8.964580 6.456322 16.236849 5.810923 15.473003 14.154120 8.423546 16.371321 -2.271677 
6 2.068685 17.350501 -8.964580 15.063222 -16.236849 6.456322 -15.473003 5.810923 -8.423546 14.154120 2.271677 16.371321 
6 -17.350501 2.068685 -15.063222 -8.964580 -6.456322 -16.236849 -5.810923 -15.473003 -14.154120 -8.423546 -16.371321 2.271677 
6 -2.068685 -17.350501 8.964580 -15.063222 16.236849 -6.456322 15.473003 -5.810923 8.423546 -14.154120 -2.271677 -16.371321 
6 22.020757 16.421152 6.188236 26.828788 -12.603376 24.407435 -12.475580 23.415635 5.948548 25.789636 21.471454 15.585529 
6 -16.421152 22.020757 -26.828788 6.188236 -24.407435 -12.603376 -23.415635 -12.475580 -25.789636 5.948548 -15.585529 21.471454 
6 -22.020757 -16.421152 -6.188236 -26.828788 12.603376 -24.407435 12.475580 -23.415635 -5.948548 -25.789636 -21.471454 -15.585529 
6 16.421152 -22.020757 26.828788 -6.188236 24.407435 12.603376 23.415635 12.475580 25.789636 -5.948548 15.585529 -21.471454 
6 8.167585 36.566317 -18.213173 32.820496 -35.350020 12.416967 -34.584276 11.773822 -17.693613 31.884239 8.308165 35.576248 
6 -36.566317 8.167585 -32.820496 -18.213173 -12.416967 -35.350020 -11.773822 -34.584276 -31.884239 -17.693613 -35.576248 8.308165 
6 -8.167585 -36.566317 18.213173 -32.820496 35.350020 -12.416967 34.584276 -11.773822 17.693613 -31.884239 -8.308165 -35.576248 
6 36.566317 -8.167585 32.820496 18.213173 12.416967 35.350020 11.773822 34.584276 31.884239 17.693613 35.576248 -8.308165 
