50
3 -27.589549 20.384933 -29.612033 21.552615 -29.612033 19.217252 
14 13.283221 -36.070113 14.366684 -35.373003 14.867506 -33.897604 14.341181 -32.431109 13.016464 -31.610894 11.469112 -31.793447 10.561633 -32.707962 11.658391 -33.796282 12.185889 -33.264695 12.661749 -33.208554 13.069142 -33.460796 13.231004 -33.911791 13.076985 -34.365523 12.447192 -34.770737 
7 -34.510478 -28.505200 -35.177950 -27.119180 -36.677746 -26.776861 -37.880489 -27.736017 -37.880489 -29.274383 -36.677746 -30.233539 -35.177950 -29.891220 
16 5.845790 22.984517 7.036226 22.492388 8.571147 22.733177 9.756251 23.737911 10.244942 25.212748 9.894299 26.726356 8.806871 27.836068 7.558109 28.152175 7.094082 26.319063 7.827996 26.133283 8.172010 25.782219 8.282938 25.303381 8.128338 24.836808 7.753424 24.518954 7.267843 24.442780 6.568208 24.732011 
14 -22.338604 -8.658542 -21.600400 -7.932910 -21.364737 -6.705389 -21.868283 -5.561367 -22.932674 -4.906070 -24.180892 -4.971613 -25.000679 -5.603623 -24.159129 -6.695207 -23.679588 -6.325508 -23.289430 -6.305021 -22.956732 -6.509848 -22.799338 -6.867437 -22.872999 -7.251125 -23.304817 -7.675590 
3 33.955718 13.290621 32.264012 14.267327 32.264012 12.313914 
7 -8.164717 25.938506 -8.689237 27.027684 -9.867824 27.296689 -10.812977 26.542955 -10.812977 25.334058 -9.867824 24.580324 -8.689237 24.849329 
3 -34.768860 -8.308072 -36.791963 -7.140033 -36.791963 -9.476111 
16 33.081810 8.280122 32.000801 8.103801 31.055335 7.178609 30.814137 5.877952 31.365006 4.675275 32.507421 4.008362 33.825537 4.119972 34.665132 4.823356 33.741488 5.925864 33.250732 5.514726 32.839526 5.479907 32.483133 5.687961 32.311281 6.063153 32.386526 6.468913 32.681478 6.757540 33.313345 6.860602 
7 -12.795120 -10.292194 -13.263167 -9.320283 -14.314860 -9.080241 -15.158253 -9.752824 -15.158253 -10.831564 -14.314860 -11.504147 -13.263167 -11.264105 
8 12.691318 -28.528680 12.237406 -27.432840 11.141566 -26.978928 10.045725 -27.432840 9.591814 -28.528680 10.045725 -29.624520 11.141566 -30.078432 12.237406 -29.624520 
7 -25.818030 -24.736784 -26.377433 -23.575170 -27.634402 -23.288275 -28.642413 -24.092137 -28.642413 -25.381431 -27.634402 -26.185292 -26.377433 -25.898397 
10 -13.645298 31.989057 -11.994367 31.213211 -10.149025 32.468480 -10.289972 34.695837 -11.915539 35.523507 -12.564171 34.249578 -11.665179 33.791849 -11.627215 33.191905 -12.124263 32.853795 -13.037280 33.282863 
5 -8.190760 18.439674 -9.537410 20.293178 -11.716334 19.585202 -11.716334 17.294146 -9.537410 16.586171 
3 -20.261482 8.391882 -23.157700 10.064014 -23.157700 6.719750 
10 19.076009 33.085905 20.645950 33.683240 21.451013 35.555931 20.666230 37.437210 19.102835 38.051473 18.483439 36.475013 19.379187 36.123071 19.611626 35.565868 19.373180 35.011209 18.473682 34.668965 
12 -12.681967 -20.836734 -12.372063 -21.895162 -11.219847 -22.572552 -9.916361 -22.276948 -9.169071 -21.168789 -9.346062 -20.080219 -10.510526 -20.269550 -10.408551 -20.896737 -10.633145 -21.229789 -11.024901 -21.318631 -11.371193 -21.115045 -11.549747 -20.505224 
12 -30.021703 25.525417 -31.195052 26.163891 -32.707670 25.571245 -33.227366 24.032038 -32.383579 22.643778 -31.063351 22.440324 -30.874494 23.665830 -31.623935 23.781323 -31.867803 24.182551 -31.717603 24.627405 -31.280433 24.798688 -30.614369 24.436252 
8 37.684934 -13.248876 37.237777 -12.169345 36.158247 -11.722189 35.078716 -12.169345 34.631560 -13.248876 35.078716 -14.328406 36.158247 -14.775562 37.237777 -14.328406 
16 -13.716074 -26.452668 -14.015955 -25.625310 -14.786952 -24.897967 -15.802789 -24.595409 -16.846105 -24.782374 -17.693662 -25.418859 -18.164108 -26.368673 -18.158023 -27.248680 -16.644514 -27.238216 -16.648111 -26.718016 -16.497069 -26.413068 -16.224952 -26.208718 -15.889984 -26.148690 -15.563838 -26.245830 -15.316301 -26.479352 -15.139032 -26.968429 
8 28.303681 -34.927043 29.905612 -35.190579 31.274508 -33.758303 30.938788 -32.169931 29.612047 -32.450353 29.799798 -33.338647 29.419685 -33.736359 28.523808 -33.588977 
6 5.671454 -24.203531 5.035230 -25.855602 6.548250 -26.774778 7.088749 -25.885085 6.319402 -25.417698 6.642912 -24.577647 
16 -28.511028 29.996296 -27.581974 29.718507 -26.481834 30.122307 -25.842840 31.104677 -25.919683 32.274060 -26.681735 33.164363 -27.825255 33.420727 -28.709970 33.023751 -28.212302 31.914630 -27.696566 32.146043 -27.342295 32.066620 -27.106206 31.790798 -27.082399 31.428515 -27.280364 31.124170 -27.621195 30.999070 -28.162779 31.161004 
10 3.080291 11.079044 3.702813 10.011513 5.131952 9.565560 6.487774 10.200427 6.960427 11.342248 5.716134 11.857320 5.443375 11.198398 5.034187 11.006795 4.602872 11.141383 4.243628 11.757434 
6 4.516605 32.953785 7.168338 30.821703 9.692354 33.103545 8.368918 34.567438 7.093323 33.414233 5.753182 34.491752 
4 20.260341 -25.485131 19.085433 -24.310224 17.910526 -25.485131 19.085433 -26.660039 
14 6.512357 -14.537294 5.893610 -15.424141 5.883399 -16.729788 6.613663 -17.812161 7.828181 -18.291498 9.100826 -17.999617 9.833156 -17.203980 8.768581 -16.224110 8.340088 -16.689645 7.942032 -16.780939 7.562156 -16.631012 7.333744 -16.292469 7.336938 -15.884090 7.698973 -15.365188 
5 -30.443612 -23.112146 -31.802863 -21.241298 -34.002176 -21.955898 -34.002176 -24.268393 -31.802863 -24.982993 
6 10.954371 -21.847033 11.688689 -24.395209 13.974037 -23.049993 13.369460 -22.022895 12.408396 -22.588602 12.099591 -21.517011 
6 -36.055999 -0.469966 -36.612554 0.494017 -37.725666 0.494017 -38.282222 -0.469966 -37.725666 -1.433949 -36.612554 -1.433949 
4 -19.528751 -19.832736 -20.572892 -18.788595 -21.617033 -19.832736 -20.572892 -20.876876 
8 18.498895 21.234450 17.987452 22.469182 16.752721 22.980624 15.517989 22.469182 15.006546 21.234450 15.517989 19.999718 16.752721 19.488276 17.987452 19.999718 
5 -14.938830 4.002247 -15.717264 5.073670 -16.976797 4.664423 -16.976797 3.340071 -15.717264 2.930824 
8 -4.437376 -23.146735 -4.761698 -22.363753 -5.544679 -22.039432 -6.327660 -22.363753 -6.651982 -23.146735 -6.327660 -23.929716 -5.544679 -24.254037 -4.761698 -23.929716 
6 -23.539144 37.000922 -24.838596 36.384789 -24.883428 34.947366 -23.817228 34.914111 -23.792713 35.700140 -23.082131 36.037062 
6 34.634586 -27.937305 32.982100 -26.483125 31.635360 -28.224286 32.509898 -28.900717 33.135976 -28.091278 33.904191 -28.767303 
16 32.123704 2.208277 31.404044 2.583790 30.428275 2.498883 29.651235 1.902610 29.316717 0.982049 29.529677 0.026024 30.223298 -0.665513 31.016145 -0.839621 31.262757 0.283387 30.797538 0.385549 30.579006 0.603424 30.511911 0.904629 30.617304 1.194660 30.862118 1.382522 31.169543 1.409272 31.591818 1.188933 
6 32.205696 -8.947986 34.664228 -7.103672 33.162141 -4.422326 31.634055 -5.278359 32.386988 -6.622404 31.154630 -7.546880 
6 -25.181147 0.464949 -23.891199 -1.452956 -21.818799 -0.429490 -22.402226 0.751880 -23.441167 0.238794 -24.087847 1.200283 
6 31.000919 -21.340955 35.499282 -20.893018 33.772460 -16.715219 31.938654 -17.473191 32.645418 -19.183105 30.804301 -19.366439 
6 15.182150 -2.400640 14.289568 -4.358755 15.810841 -5.880808 16.834648 -4.857526 16.023127 -4.045588 16.499274 -3.001034 
8 -5.394606 14.670796 -5.707537 15.426278 -6.463019 15.739209 -7.218501 15.426278 -7.531432 14.670796 -7.218501 13.915314 -6.463019 13.602383 -5.707537 13.915314 
6 35.040637 -1.736229 34.466235 -0.741335 33.317430 -0.741335 32.743028 -1.736229 33.317430 -2.731124 34.466235 -2.731124 
8 -12.807213 27.848224 -13.360293 29.183476 -14.695544 29.736555 -16.030796 29.183476 -16.583875 27.848224 -16.030796 26.512973 -14.695544 25.959894 -13.360293 26.512973 
6 -20.959637 32.922482 -23.314936 33.013360 -23.230036 30.657838 -22.055049 30.700188 -22.094317 31.789639 -21.004969 31.747607 
6 30.031367 19.590217 28.351311 21.339113 26.408990 19.887006 27.231157 18.787285 28.201683 19.512863 29.041161 18.638987 
12 15.199253 34.474304 14.840877 35.486534 13.757146 36.200692 12.462022 36.116136 11.480347 35.267132 11.256624 34.216899 12.562129 33.938798 12.692478 34.550700 12.996197 34.813373 13.396893 34.839533 13.732187 34.618581 13.940990 34.028821 
4 -3.722796 -32.047468 -5.211815 -30.558449 -6.700834 -32.047468 -5.211815 -33.536486 
7 -13.574324 -30.777735 -14.134046 -29.615459 -15.391731 -29.328401 -16.400315 -30.132721 -16.400315 -31.422749 -15.391731 -32.227068 -14.134046 -31.940010 
12 -33.298679 18.274633 -33.845555 18.983364 -34.899996 19.230097 -35.873277 18.755282 -36.327842 17.772381 -36.105881 16.905141 -35.083697 17.166758 -35.212563 17.670263 -35.073202 17.971602 -34.774813 18.117171 -34.451541 18.041527 -34.134035 17.630051 
