30
6 -22.767398 -2.524278 -23.501514 -1.252752 -24.969745 -1.252752 -25.703861 -2.524278 -24.969745 -3.795803 -23.501514 -3.795803 
14 -28.118843 18.368452 -27.408176 18.594332 -26.829225 19.283020 -26.708098 20.174537 -27.082316 20.992728 -27.835960 21.484149 -28.581590 21.494452 -28.596278 20.431427 -28.158632 20.425380 -27.921006 20.270433 -27.803014 20.012455 -27.841206 19.731357 -28.023750 19.514212 -28.440875 19.381632 
3 -35.234689 32.692640 -38.162924 34.383257 -38.162924 31.002022 
8 -5.284712 -23.774043 -5.801839 -22.525590 -7.050292 -22.008464 -8.298745 -22.525590 -8.815871 -23.774043 -8.298745 -25.022496 -7.050292 -25.539622 -5.801839 -25.022496 
7 21.705487 25.814790 21.009909 27.259173 19.446958 27.615906 18.193570 26.616362 18.193570 25.013218 19.446958 24.013673 21.009909 24.370407 
12 7.516321 22.013093 6.895089 21.580129 6.566924 20.726879 6.773372 19.836314 7.443486 19.214481 8.191852 19.099013 8.347993 20.110989 7.909875 20.178587 7.699979 20.373360 7.635315 20.652306 7.738104 20.919565 8.101793 21.173036 
3 -27.736094 -23.272376 -30.112206 -21.900527 -30.112206 -24.644225 
12 -16.947804 -22.351667 -17.770253 -23.225964 -17.898785 -24.671712 -17.106383 -25.887774 -15.731896 -26.354135 -14.599897 -25.954889 -15.082709 -24.585954 -15.741082 -24.818156 -16.164391 -24.674528 -16.408432 -24.300010 -16.368847 -23.854755 -15.890509 -23.346261 
6 36.328357 11.176681 35.350094 12.871082 33.393567 12.871082 32.415304 11.176681 33.393567 9.482279 35.350094 9.482279 
16 15.601680 34.452781 14.989590 34.104060 14.582168 33.358337 14.627075 32.509762 15.110932 31.811206 15.889549 31.470837 16.730904 31.590082 17.272552 32.040501 16.617633 32.828068 16.299432 32.563461 16.033547 32.525777 15.787489 32.633341 15.634581 32.854098 15.620389 33.122264 15.749143 33.357927 16.108727 33.562789 
16 -27.021044 32.026578 -26.318447 31.057648 -25.008518 30.453311 -23.570391 30.567014 -22.371705 31.369691 -21.718889 32.656146 -21.778827 34.097516 -22.407174 35.116165 -24.008193 34.128588 -23.637890 33.528268 -23.618795 33.069081 -23.826767 32.659246 -24.208642 32.403531 -24.666796 32.367308 -25.084110 32.559836 -25.498170 33.130854 
3 -34.016524 -13.615047 -36.831222 -11.989980 -36.831222 -15.240114 
12 9.130491 -20.673611 8.915527 -19.781480 8.019353 -19.125469 6.911497 -19.203778 6.116513 -19.979327 6.029178 -20.892826 7.077593 -20.993059 7.128200 -20.463722 7.370709 -20.227141 7.708660 -20.203254 7.982037 -20.403369 8.106601 -20.920324 
7 -3.854751 34.379632 -4.591779 35.910087 -6.247867 36.288078 -7.575946 35.228970 -7.575946 33.530293 -6.247867 32.471186 -4.591779 32.849177 
6 9.166746 -28.631107 6.548135 -28.716300 7.047421 -31.288283 8.267010 -31.051531 8.045526 -29.910598 9.207143 -29.872806 
10 -12.518141 22.076977 -11.598957 20.992439 -9.886608 20.800893 -8.509671 21.836688 -8.269819 23.237970 -9.765187 23.493927 -9.903350 22.686739 -10.316951 22.375609 -10.831303 22.433146 -11.360785 23.057877 
6 -16.927396 -19.002868 -18.930713 -18.012968 -20.611355 -19.485592 -19.592710 -20.648128 -18.689159 -19.856412 -17.612131 -20.388605 
6 -22.984168 3.305906 -23.832840 4.775850 -25.530184 4.775850 -26.378856 3.305906 -25.530184 1.835963 -23.832840 1.835963 
6 33.684834 -27.555496 35.213023 -25.907398 33.841064 -24.127139 32.802800 -24.927279 33.497897 -25.829239 32.723646 -26.664242 
7 32.159017 -5.614172 31.538943 -4.326576 30.145651 -4.008566 29.028317 -4.899610 29.028317 -6.328734 30.145651 -7.219778 31.538943 -6.901768 
8 32.108956 7.182601 31.554591 8.520957 30.216235 9.075323 28.877878 8.520957 28.323513 7.182601 28.877878 5.844245 30.216235 5.289879 31.554591 5.844245 
8 -10.744363 -28.467649 -13.022929 -28.179597 -14.772545 -30.376601 -13.981760 -32.532871 -12.271615 -31.905696 -12.709925 -30.710537 -12.235763 -30.115128 -10.972818 -30.274788 
5 -8.063889 -36.254050 -9.354787 -34.477281 -11.443504 -35.155946 -11.443504 -37.352154 -9.354787 -38.030819 
4 15.599800 -3.627926 13.722362 -1.750487 11.844923 -3.627926 13.722362 -5.505365 
4 -34.511754 23.960161 -35.707642 25.156048 -36.903529 23.960161 -35.707642 22.764273 
14 16.110890 -25.333215 17.158375 -25.809080 18.536616 -25.648730 19.634405 -24.800131 20.136796 -23.506739 19.899656 -22.139616 19.146240 -21.270113 17.857333 -22.386940 18.300312 -22.898172 18.375412 -23.331130 18.216308 -23.740739 17.868646 -24.009484 17.432166 -24.060266 16.816289 -23.780477 
12 -14.040676 34.992603 -13.203911 34.034546 -11.660137 34.186074 -10.886366 35.530498 -11.530860 36.941464 -12.779607 37.183705 -12.986179 36.118834 -12.285547 35.982920 -12.105008 35.587674 -12.321760 35.211068 -12.754209 35.168621 -13.223692 35.706156 
8 33.113911 1.038480 32.630790 2.204836 31.464434 2.687956 30.298079 2.204836 29.814958 1.038480 30.298079 -0.127876 31.464434 -0.610996 32.630790 -0.127876 
7 -29.104240 24.202223 -29.660099 25.356477 -30.909104 25.641554 -31.910728 24.842785 -31.910728 23.561660 -30.909104 22.762892 -29.660099 23.047969 
12 12.600794 24.533674 11.936998 25.409072 10.661676 25.778115 9.418512 25.312085 8.700064 24.195630 8.775305 23.099599 10.153539 23.194212 10.109670 23.833252 10.332357 24.179304 10.717683 24.323752 11.112976 24.209365 11.500002 23.698966 
