22
4 -40.000000 -41.000000 40.000000 -41.000000 40.000000 -40.000000 -40.000000 -40.000000 
4 -40.000000 40.000000 40.000000 40.000000 40.000000 41.000000 -40.000000 41.000000 
4 -41.000000 -41.000000 -40.000000 -41.000000 -40.000000 41.000000 -41.000000 41.000000 
4 40.000000 -41.000000 41.000000 -41.000000 41.000000 41.000000 40.000000 41.000000 
4 0.500000 32.000000 0.500000 40.000000 -0.500000 40.000000 -0.500000 32.000000 
4 -0.500000 -32.000000 -0.500000 -40.000000 0.500000 -40.000000 0.500000 -32.000000 
6 7.426377 0.989138 6.618989 3.545485 4.938313 5.634052 4.159234 5.007125 5.722043 3.065032 6.472807 0.687966 
6 -0.989138 7.426377 -3.545485 6.618989 -5.634052 4.938313 -5.007125 4.159234 -3.065032 5.722043 -0.687966 6.472807 
6 -7.426377 -0.989138 -6.618989 -3.545485 -4.938313 -5.634052 -4.159234 -5.007125 -5.722043 -3.065032 -6.472807 -0.687966 
6 0.989138 -7.426377 3.545485 -6.618989 5.634052 -4.938313 5.007125 -4.159234 3.065032 -5.722043 0.687966 -6.472807 
6 7.258572 15.894696 -3.892729 17.090955 -13.426040 11.183456 -12.899304 10.333427 -3.657920 16.060028 7.151909 14.900401 
6 -15.894696 7.258572 -17.090955 -3.892729 -11.183456 -13.426040 -10.333427 -12.899304 -16.060028 -3.657920 -14.900401 7.151909 
6 -7.258572 -15.894696 3.892729 -17.090955 13.426040 -11.183456 12.899304 -10.333427 3.657920 -16.060028 -7.151909 -14.900401 
6 15.894696 -7.258572 17.090955 3.892729 11.183456 13.426040 10.333427 12.899304 16.060028 3.657920 14.900401 -7.151909 
6 -10.165752 25.519420 -24.272255 12.996843 -26.874838 -5.685635 -25.884402 -5.823608 -23.332684 12.493739 -9.501878 24.771576 
6 -25.519420 -10.165752 -12.996843 -24.272255 5.685635 -26.874838 5.823608 -25.884402 -12.493739 -23.332684 -24.771576 -9.501878 
6 10.165752 -25.519420 24.272255 -12.996843 26.874838 5.685635 25.884402 5.823608 23.332684 -12.493739 9.501878 -24.771576 
6 25.519420 10.165752 12.996843 24.272255 -5.685635 26.874838 -5.823608 25.884402 12.493739 23.332684 24.771576 9.501878 
6 -36.948323 6.226536 -32.239243 -19.218996 -12.095461 -35.463335 -11.467724 -34.684910 -31.323312 -18.672976 -35.965020 6.408511 
6 -6.226536 -36.948323 19.218996 -32.239243 35.463335 -12.095461 34.684910 -11.467724 18.672976 -31.323312 -6.408511 -35.965020 
6 36.948323 -6.226536 32.239243 19.218996 12.095461 35.463335 11.467724 34.684910 31.323312 18.672976 35.965020 -6.408511 
6 6.226536 36.948323 -19.218996 32.239243 -35.463335 12.095461 -34.684910 11.467724 -18.672976 31.323312 6.408511 35.965020 
