22
4 -40.000000 -41.000000 40.000000 -41.000000 40.000000 -40.000000 -40.000000 -40.000000 
4 -40.000000 40.000000 40.000000 40.000000 40.000000 41.000000 -40.000000 41.000000 
4 -41.000000 -41.000000 -40.000000 -41.000000 -40.000000 41.000000 -41.000000 41.000000 
4 40.000000 -41.000000 41.000000 -41.000000 41.000000 41.000000 40.000000 41.000000 
4 0.500000 32.000000 0.500000 40.000000 -0.500000 40.000000 -0.500000 32.000000 
4 -0.500000 -32.000000 -0.500000 -40.000000 0.500000 -40.000000 0.500000 -32.000000 
6 6.241857 4.135160 3.827624 6.465939 0.622918 7.461387 0.326278 6.506398 3.304033 5.581446 5.547294 3.415728 
6 -4.135160 6.241857 -6.465939 3.827624 -7.461387 0.622918 -6.506398 0.326278 -5.581446 3.304033 -3.415728 5.547294 
6 -6.241857 -4.135160 -3.827624 -6.465939 -0.622918 -7.461387 -0.326278 -6.506398 -3.304033 -5.581446 -5.547294 -3.415728 
6 4.135160 -6.241857 6.465939 -3.827624 7.461387 -0.622918 6.506398 -0.326278 5.581446 -3.304033 3.415728 -5.547294 
6 -0.494830 17.468181 -10.761026 13.834464 -16.809276 4.778121 -15.977679 4.222742 -10.114027 13.002677 -0.161164 16.525490 
6 -17.468181 -0.494830 -13.834464 -10.761026 -4.778121 -16.809276 -4.222742 -15.977679 -13.002677 -10.114027 -16.525490 -0.161164 
6 0.494830 -17.468181 10.761026 -13.834464 16.809276 -4.778121 15.977679 -4.222742 10.114027 -13.002677 0.161164 -16.525490 
6 17.468181 0.494830 13.834464 10.761026 4.778121 16.809276 4.222742 15.977679 13.002677 10.114027 16.525490 0.161164 
6 -20.519239 18.265782 -27.499676 1.311070 -22.163893 -16.230829 -21.207173 -15.939820 -26.439058 1.260504 -19.594543 17.885075 
6 -18.265782 -20.519239 -1.311070 -27.499676 16.230829 -22.163893 15.939820 -21.207173 -1.260504 -26.439058 -17.885075 -19.594543 
6 20.519239 -18.265782 27.499676 -1.311070 22.163893 16.230829 21.207173 15.939820 26.439058 -1.260504 19.594543 -17.885075 
6 18.265782 20.519239 1.311070 27.499676 -16.230829 22.163893 -15.939820 21.207173 1.260504 26.439058 17.885075 19.594543 
6 -37.060329 5.515899 -31.695566 -20.104562 -10.804818 -35.876860 -10.202272 -35.078775 -30.793668 -19.532486 -36.081557 5.720848 
6 -5.515899 -37.060329 20.104562 -31.695566 35.876860 -10.804818 35.078775 -10.202272 19.532486 -30.793668 -5.720848 -36.081557 
6 37.060329 -5.515899 31.695566 20.104562 10.804818 35.876860 10.202272 35.078775 30.793668 19.532486 36.081557 -5.720848 
6 5.515899 37.060329 -20.104562 31.695566 -35.876860 10.804818 -35.078775 10.202272 -19.532486 30.793668 5.720848 36.081557 
