-35.0000 -40.0000 -22.9500 -27.9500
  0.3000 -33.7000 -38.7000
  0.3000 -32.6500 -38.7000
  0.3000 -31.6000 -38.7000
  0.3000 -30.5500 -38.7000
  0.3000 -29.5000 -38.7000
  0.3000 -28.4500 -38.7000
  0.3000 -27.4000 -38.7000
  0.3000 -26.3500 -38.7000
  0.3000 -25.3000 -38.7000
  0.3000 -33.7000 -37.6500
  0.3000 -32.6500 -37.6500
  0.3000 -31.6000 -37.6500
  0.3000 -30.5500 -37.6500
  0.3000 -29.5000 -37.6500
  0.3000 -28.4500 -37.6500
  0.3000 -27.4000 -37.6500
  0.3000 -26.3500 -37.6500
  0.3000 -25.3000 -37.6500
  0.3000 -33.7000 -36.6000
  0.3000 -32.6500 -36.6000
  0.3000 -31.6000 -36.6000
  0.3000 -30.5500 -36.6000
  0.3000 -29.5000 -36.6000
  0.3000 -28.4500 -36.6000
  0.3000 -27.4000 -36.6000
  0.3000 -26.3500 -36.6000
  0.3000 -25.3000 -36.6000
  0.3000 -33.7000 -35.5500
  0.3000 -32.6500 -35.5500
  0.3000 -31.6000 -35.5500
  0.3000 -30.5500 -35.5500
  0.3000 -29.5000 -35.5500
  0.3000 -28.4500 -35.5500
  0.3000 -27.4000 -35.5500
  0.3000 -26.3500 -35.5500
  0.3000 -25.3000 -35.5500
  0.3000 -33.7000 -34.5000
  0.3000 -32.6500 -34.5000
  0.3000 -31.6000 -34.5000
  0.3000 -30.5500 -34.5000
  0.3000 -29.5000 -34.5000
  0.3000 -28.4500 -34.5000
  0.3000 -27.4000 -34.5000
  0.3000 -26.3500 -34.5000
  0.3000 -25.3000 -34.5000
  0.3000 -33.7000 -33.4500
  0.3000 -32.6500 -33.4500
  0.3000 -31.6000 -33.4500
  0.3000 -30.5500 -33.4500
  0.3000 -29.5000 -33.4500
  0.3000 -28.4500 -33.4500
  0.3000 -27.4000 -33.4500
  0.3000 -26.3500 -33.4500
  0.3000 -25.3000 -33.4500
  0.3000 -33.7000 -32.4000
  0.3000 -32.6500 -32.4000
  0.3000 -31.6000 -32.4000
  0.3000 -30.5500 -32.4000
  0.3000 -29.5000 -32.4000
  0.3000 -28.4500 -32.4000
  0.3000 -27.4000 -32.4000
  0.3000 -26.3500 -32.4000
  0.3000 -25.3000 -32.4000
  0.3000 -33.7000 -31.3500
  0.3000 -32.6500 -31.3500
  0.3000 -31.6000 -31.3500
  0.3000 -30.5500 -31.3500
  0.3000 -29.5000 -31.3500
  0.3000 -28.4500 -31.3500
  0.3000 -27.4000 -31.3500
