70
16 7.531209 -34.673421 7.661504 -34.030051 7.430119 -33.273629 6.866255 -32.718859 6.106171 -32.499802 5.333544 -32.669396 4.735084 -33.186656 4.502995 -33.800690 5.495984 -34.176014 5.632902 -33.813774 5.824059 -33.648553 6.070847 -33.594383 6.313629 -33.664352 6.493735 -33.841554 6.567643 -34.083166 6.490777 -34.462714 
14 3.229944 -29.045721 3.676312 -28.671764 3.959923 -28.030425 3.931378 -27.329757 3.596537 -26.713613 3.024148 -26.308494 2.449166 -26.216388 2.287408 -27.226169 2.627512 -27.280651 2.811577 -27.410926 2.919253 -27.609061 2.928432 -27.834377 2.837231 -28.040615 2.573203 -28.261811 
7 17.922938 11.038448 17.227986 12.481530 15.666444 12.837942 14.414184 11.839298 14.414184 10.237598 15.666444 9.238954 17.227986 9.595366 
8 6.259139 34.660606 5.702094 36.005432 4.357269 36.562476 3.012444 36.005432 2.455399 34.660606 3.012444 33.315781 4.357269 32.758737 5.702094 33.315781 
4 11.992219 -14.621398 10.343535 -12.972713 8.694850 -14.621398 10.343535 -16.270082 
5 -25.057543 -14.697807 -26.402449 -12.846704 -28.578551 -13.553763 -28.578551 -15.841852 -26.402449 -16.548911 
10 36.111577 5.770302 37.658738 6.678183 37.772117 8.865859 36.007504 10.163905 34.324954 9.541828 34.835691 8.160424 35.773986 8.507333 36.260226 8.149656 36.228985 7.546840 35.366191 7.040549 
12 -28.339508 25.272131 -29.328092 24.672172 -29.903903 23.400184 -29.660587 22.025297 -28.683209 21.028179 -27.548765 20.803936 -27.248174 22.324622 -27.912012 22.455842 -28.217791 22.767797 -28.293914 23.197940 -28.113767 23.595890 -27.535282 23.946965 
6 21.886830 -1.628819 21.277642 -0.573675 20.059267 -0.573675 19.450079 -1.628819 20.059267 -2.683963 21.277642 -2.683963 
3 -32.572699 -8.395202 -35.058760 -6.959875 -35.058760 -9.830530 
7 -15.354507 1.074619 -15.771054 1.939588 -16.707028 2.153218 -17.457620 1.554641 -17.457620 0.594597 -16.707028 -0.003980 -15.771054 0.209650 
4 18.747650 0.333123 17.093443 1.987330 15.439235 0.333123 17.093443 -1.321085 
5 -16.483398 27.802663 -17.560315 29.284912 -19.302803 28.718743 -19.302803 26.886583 -17.560315 26.320414 
6 21.686982 27.053791 20.840778 28.519461 19.148368 28.519461 18.302164 27.053791 19.148368 25.588122 20.840778 25.588122 
14 -4.995530 34.942611 -5.328788 35.666258 -6.112148 36.222011 -7.068307 36.312978 -7.942413 35.914913 -8.501482 35.133916 -8.580300 34.341128 -7.360379 34.219845 -7.313967 34.686681 -7.136227 34.934977 -6.858329 35.061530 -6.554345 35.032610 -6.305297 34.855924 -6.109057 34.429803 
12 19.688701 -32.239970 18.944131 -32.626136 18.514040 -33.544336 18.731587 -34.534661 19.506916 -35.188064 20.344784 -35.226611 20.392235 -34.195203 19.904365 -34.172758 19.664868 -33.970923 19.597668 -33.665015 19.730522 -33.381385 20.164067 -33.156530 
3 2.683819 22.542062 0.123775 24.020104 0.123775 21.064021 
6 10.942469 19.037932 13.433987 22.273882 9.863671 24.256778 8.917828 22.553735 10.510013 21.669462 9.398919 20.226388 
7 -23.534605 16.860467 -24.073061 17.978584 -25.282962 18.254736 -26.253228 17.480975 -26.253228 16.239960 -25.282962 15.466199 -24.073061 15.742351 
7 -0.837669 2.974610 -1.375691 4.091825 -2.584616 4.367754 -3.554098 3.594618 -3.554098 2.354603 -2.584616 1.581467 -1.375691 1.857396 
3 -6.143414 1.825242 -8.212725 3.019959 -8.212725 0.630524 
5 -9.152699 -13.056995 -10.356389 -11.400257 -12.304002 -12.033075 -12.304002 -14.080916 -10.356389 -14.713734 
8 32.963663 19.490022 32.561871 20.460035 31.591858 20.861827 30.621845 20.460035 30.220052 19.490022 30.621845 18.520009 31.591858 18.118216 32.561871 18.520009 
7 -32.587138 28.496808 -33.177276 29.722242 -34.503304 30.024900 -35.566696 29.176873 -35.566696 27.816744 -34.503304 26.968717 -33.177276 27.271374 
3 9.656367 37.327683 8.089469 38.232332 8.089469 36.423034 
6 19.788963 33.318073 19.123230 34.471156 17.791764 34.471156 17.126031 33.318073 17.791764 32.164990 19.123230 32.164990 
3 -11.037921 16.491913 -13.012678 17.632039 -13.012678 15.351786 
6 1.109272 -10.629279 -1.517519 -11.417554 -1.279575 -14.149731 0.357229 -14.007182 0.235283 -12.606940 1.581515 -12.202948 
8 -29.114927 -20.363378 -27.769576 -20.556307 -26.698952 -19.286024 -27.116930 -17.992778 -28.153578 -18.327824 -27.921456 -19.046022 -28.213143 -19.392105 -28.960278 -19.284963 
4 -2.386222 29.754037 -4.015025 31.382840 -5.643828 29.754037 -4.015025 28.125235 
8 12.400588 0.534447 10.463089 0.645170 9.523780 -1.557755 10.945045 -2.879181 11.825436 -1.932273 11.069394 -1.229341 11.296167 -0.697499 12.326819 -0.756399 
7 2.787820 -34.464373 2.220354 -33.286017 0.945270 -32.994988 -0.077269 -33.810435 -0.077269 -35.118310 0.945270 -35.933758 2.220354 -35.642728 
6 12.629980 33.120215 12.122658 33.998924 11.108013 33.998924 10.600690 33.120215 11.108013 32.241507 12.122658 32.241507 
8 16.821572 25.157648 16.329171 26.346409 15.140410 26.838810 13.951648 26.346409 13.459247 25.157648 13.951648 23.968886 15.140410 23.476485 16.329171 23.968886 
6 31.183776 7.873619 30.645025 8.806763 29.567524 8.806763 29.028774 7.873619 29.567524 6.940476 30.645025 6.940476 
14 -35.575173 15.232710 -36.240189 14.769639 -36.634319 13.875220 -36.505264 12.906372 -35.890750 12.146309 -34.970413 11.817216 -34.176869 11.981440 -34.417999 13.146594 -34.884380 13.050077 -35.175541 13.154190 -35.369951 13.394646 -35.410779 13.701155 -35.286091 13.984117 -34.895248 14.256273 
8 -21.240395 36.167008 -21.619908 37.083234 -22.536133 37.462747 -23.452359 37.083234 -23.831872 36.167008 -23.452359 35.250782 -22.536133 34.871269 -21.619908 35.250782 
5 11.767060 28.088252 10.454781 29.894448 8.331470 29.204543 8.331470 26.971961 10.454781 26.282055 
4 12.472191 -34.483741 11.027471 -33.039021 9.582751 -34.483741 11.027471 -35.928460 
8 -29.794537 37.837421 -29.555026 35.272674 -26.396169 34.786606 -25.396695 37.160705 -26.861968 37.777571 -27.380211 36.546564 -28.087407 36.655383 -28.211598 37.985245 
10 -2.250076 -29.047374 -1.114678 -27.923522 -1.880184 -26.110515 -3.847831 -26.147426 -4.413609 -27.641436 -3.389940 -28.029097 -3.086548 -27.227952 -2.600407 -27.218832 -2.411276 -27.666767 -3.020119 -28.269419 
6 -35.165798 18.190465 -34.772778 20.593611 -37.170478 21.018592 -37.394370 19.755418 -36.243137 19.551367 -36.431842 18.397519 
5 -35.929727 -33.974610 -36.766360 -32.823083 -38.120062 -33.262927 -38.120062 -34.686293 -36.766360 -35.126137 
5 -27.166184 -8.551516 -28.178826 -7.157735 -29.817315 -7.690112 -29.817315 -9.412921 -28.178826 -9.945298 
6 29.176128 -28.779670 28.457770 -27.535438 27.021055 -27.535438 26.302697 -28.779670 27.021055 -30.023902 28.457770 -30.023902 
10 -5.274285 11.648924 -4.686612 12.512958 -4.917124 13.759118 -5.957533 14.482718 -6.986973 14.303365 -6.801333 13.237841 -6.210000 13.340865 -5.899768 13.125100 -5.831033 12.753516 -6.168605 12.257196 
3 37.460630 21.318599 35.940530 22.196230 35.940530 20.440969 
4 -27.581537 28.995669 -28.849763 30.263894 -30.117988 28.995669 -28.849763 27.727443 
3 8.178765 17.342899 6.539603 18.289270 6.539603 16.396529 
5 19.252619 -23.308531 17.982268 -21.560043 15.926798 -22.227906 15.926798 -24.389155 17.982268 -25.057018 
12 -34.971926 -20.392927 -35.876709 -19.236542 -37.662837 -19.401897 -38.490051 -20.993535 -37.598958 -22.550309 -36.132640 -22.626247 -36.070952 -21.435101 -36.887180 -21.392830 -37.131513 -20.965971 -36.904695 -20.529553 -36.414949 -20.484214 -35.911301 -21.127916 
14 -35.079078 -16.681393 -34.061324 -17.116754 -32.776842 -16.737312 -32.029327 -15.625966 -32.162150 -14.293215 -33.114299 -13.351258 -34.216921 -13.253343 -34.331062 -14.538676 -33.691403 -14.595479 -33.400088 -14.883676 -33.359450 -15.291439 -33.588156 -15.631462 -33.981151 -15.747554 -34.571576 -15.494991 
8 -16.553175 13.632446 -16.965081 14.626874 -17.959509 15.038780 -18.953937 14.626874 -19.365843 13.632446 -18.953937 12.638018 -17.959509 12.226112 -16.965081 12.638018 
8 -22.427836 -4.224245 -22.860776 -3.179034 -23.905987 -2.746094 -24.951197 -3.179034 -25.384138 -4.224245 -24.951197 -5.269455 -23.905987 -5.702396 -22.860776 -5.269455 
5 -6.765051 -5.043104 -7.698929 -3.757731 -9.209975 -4.248700 -9.209975 -5.837508 -7.698929 -6.328477 
16 12.053596 4.398527 12.344259 5.004569 12.344117 5.813870 11.993885 6.543463 11.362498 7.049742 10.574231 7.233057 9.784240 7.057326 9.255844 6.641911 10.001115 5.693950 10.313854 5.939820 10.568289 5.996418 10.822169 5.937378 11.025522 5.774318 11.138322 5.539336 11.138368 5.278682 10.966335 4.919986 
10 24.378320 -8.199050 23.229229 -8.087080 22.255442 -9.100631 22.447604 -10.492974 23.443096 -11.077733 23.967765 -10.184538 23.405136 -9.854046 23.350243 -9.456309 23.628415 -9.166778 24.277855 -9.230061 
4 -1.259330 -22.815929 -2.707683 -21.367576 -4.156036 -22.815929 -2.707683 -24.264281 
7 23.093072 2.415228 22.619785 3.398019 21.556319 3.640748 20.703485 2.960636 20.703485 1.869821 21.556319 1.189709 22.619785 1.432438 
7 12.610227 -18.738181 12.212045 -17.911348 11.317338 -17.707137 10.599840 -18.279323 10.599840 -19.197039 11.317338 -19.769225 12.212045 -19.565014 
7 -23.809432 -9.693030 -24.206283 -8.868961 -25.097998 -8.665433 -25.813098 -9.235706 -25.813098 -10.150354 -25.097998 -10.720627 -24.206283 -10.517099 
5 31.171981 -20.343123 30.207018 -19.014965 28.645674 -19.522276 28.645674 -21.163971 30.207018 -21.671282 
6 -11.545761 -17.070685 -12.305852 -15.754168 -13.826035 -15.754168 -14.586127 -17.070685 -13.826035 -18.387202 -12.305852 -18.387202 
16 0.273933 32.052310 0.756927 32.676883 0.811409 33.628647 0.318089 34.444403 -0.550102 34.838190 -1.488820 34.671967 -2.169002 34.004003 -2.320735 33.229179 -1.283535 33.026065 -1.194752 33.479432 -0.981992 33.688370 -0.688363 33.740365 -0.416794 33.617189 -0.262484 33.362022 -0.279526 33.064311 -0.562137 32.698859 
5 -20.271527 -24.932144 -21.346135 -23.453072 -23.084888 -24.018027 -23.084888 -25.846260 -21.346135 -26.411215 
10 -33.351775 -1.146440 -34.229810 -1.061595 -35.117273 -1.654231 -35.429485 -2.674689 -35.095579 -3.491177 -34.135114 -3.098391 -34.328947 -2.624419 -34.233263 -2.311679 -33.961282 -2.130053 -33.451581 -2.179306 
3 30.327657 -0.033420 28.569241 0.981802 28.569241 -1.048641 
6 3.918531 -8.283518 3.371545 -7.336111 2.277574 -7.336111 1.730588 -8.283518 2.277574 -9.230925 3.371545 -9.230925 
6 -32.687764 23.603657 -33.276057 24.622610 -34.452643 24.622610 -35.040935 23.603657 -34.452643 22.584704 -33.276057 22.584704 
5 -21.841433 -17.839411 -22.597479 -16.798803 -23.820787 -17.196280 -23.820787 -18.482542 -22.597479 -18.880019 
