9
4 -7.000000 2.750000 7.000000 2.750000 7.000000 3.250000 -7.000000 3.250000 
4 -10.000000 -6.250000 10.000000 -6.250000 10.000000 -5.750000 -10.000000 -5.750000 
8 -17.200770 16.195911 -17.518794 16.963690 -18.286573 17.281714 -19.054351 16.963690 -19.372375 16.195911 -19.054351 15.428133 -18.286573 15.110109 -17.518794 15.428133 
10 10.748552 14.958663 10.744473 13.382562 12.557661 12.684065 13.857535 14.128320 13.139748 15.531493 12.190451 15.045884 12.573989 14.296121 12.256093 13.942916 11.812661 14.113739 11.814841 14.955903 
8 -6.199007 -20.956809 -4.943165 -22.768737 -2.369469 -21.850496 -2.544165 -19.652837 -3.918295 -19.762069 -3.827280 -20.907041 -4.411773 -21.115576 -5.066062 -20.171569 
16 -30.398674 30.577616 -29.309480 30.901513 -28.556187 32.052112 -28.724117 33.417077 -29.733837 34.350776 -31.107749 34.411567 -32.195989 33.570696 -32.433812 32.459529 -31.157864 32.186437 -31.020049 32.830341 -30.688049 33.086874 -30.268895 33.068328 -29.960849 32.783475 -29.909617 32.367051 -30.139432 32.016026 -30.770602 31.828333 
6 -20.232951 3.784227 -21.136163 5.348637 -22.942589 5.348637 -23.845802 3.784227 -22.942589 2.219817 -21.136163 2.219817 
10 -16.015024 30.864947 -16.104165 32.940549 -18.202418 34.357600 -20.589498 33.513474 -21.197509 31.526921 -19.473642 30.999308 -19.131615 32.116814 -18.458224 32.354940 -17.866310 31.955192 -17.816166 30.787594 
14 27.689847 -7.036583 28.092058 -7.661448 28.870493 -8.103652 29.765233 -8.134388 30.572179 -7.746645 31.107255 -7.028871 31.224417 -6.295043 30.002532 -6.099958 29.933345 -6.533300 29.762002 -6.763146 29.503601 -6.887310 29.217086 -6.877468 28.967814 -6.735865 28.730300 -6.366868 
