76
4 -40.000000 -41.000000 40.000000 -41.000000 40.000000 -40.000000 -40.000000 -40.000000 
4 -40.000000 40.000000 40.000000 40.000000 40.000000 41.000000 -40.000000 41.000000 
4 -41.000000 -41.000000 -40.000000 -41.000000 -40.000000 41.000000 -41.000000 41.000000 
4 40.000000 -41.000000 41.000000 -41.000000 41.000000 41.000000 40.000000 41.000000 
4 -11.474610 -0.417075 -13.317113 1.425429 -15.159617 -0.417075 -13.317113 -2.259578 
10 3.314872 7.209926 4.189293 9.903406 2.135925 12.679976 -1.316951 12.622475 -2.924032 10.290794 -0.935614 8.920303 -0.033927 10.228542 0.933324 10.244650 1.508531 9.466853 1.017918 7.955618 
16 11.610882 16.393935 11.878399 17.218961 11.561575 18.217579 10.723003 18.845599 9.675586 18.868681 8.810161 18.278212 8.449654 17.294521 8.680566 16.458511 9.764561 16.757919 9.629685 17.246233 9.741946 17.552552 10.011437 17.736422 10.337599 17.729234 10.598728 17.533671 10.697386 17.222704 10.541129 16.740806 
3 -32.077140 35.090525 -33.643883 35.995085 -33.643883 34.185966 
14 -25.307372 14.066247 -25.261959 13.333358 -24.835516 12.558949 -24.119078 12.040992 -23.250022 11.878806 -22.394990 12.103490 -21.832633 12.575658 -22.690981 13.597960 -23.023943 13.318398 -23.299582 13.245966 -23.579741 13.298250 -23.810701 13.465225 -23.948174 13.714873 -23.975063 14.148804 
6 2.774517 29.705453 5.316159 32.370034 3.070684 35.288558 1.384210 33.991007 2.517127 32.518515 1.234784 31.174145 
6 30.294967 -10.289458 29.527846 -8.960765 27.993604 -8.960765 27.226483 -10.289458 27.993604 -11.618150 29.527846 -11.618150 
12 -4.686736 -0.414430 -5.950603 -0.779156 -6.760824 -2.152243 -6.407184 -3.706837 -5.082725 -4.594325 -3.785454 -4.376441 -4.017839 -2.992836 -4.765076 -3.118338 -5.162862 -2.851791 -5.269074 -2.384885 -5.025733 -1.972493 -4.297737 -1.762409 
3 -0.660460 17.931044 -2.353162 18.908326 -2.353162 16.953762 
16 -22.683553 9.230492 -23.204779 8.254693 -22.893673 6.951646 -21.796745 6.182578 -20.465692 6.334291 -19.569966 7.330480 -19.560072 8.670115 -20.287518 9.503591 -21.214831 8.694245 -20.794319 8.212440 -20.797319 7.806336 -21.068854 7.504345 -21.472357 7.458354 -21.804886 7.691494 -21.899196 8.086507 -21.597893 8.650583 
7 -5.090069 24.028658 -5.863341 25.634374 -7.600868 26.030953 -8.994256 24.919763 -8.994256 23.137553 -7.600868 22.026363 -5.863341 22.422942 
8 34.703605 -23.094079 37.628920 -22.556866 38.490886 -19.002784 36.136691 -17.185139 34.850479 -18.851028 36.123632 -19.834013 35.905475 -20.733526 34.323459 -21.024051 
14 -18.976500 -1.275248 -18.248898 -0.239299 -18.159238 1.285143 -18.884390 2.629061 -20.207766 3.391055 -21.734102 3.343535 -22.789753 2.644823 -21.774995 1.111671 -21.154865 1.522122 -20.672576 1.537137 -20.254419 1.296363 -20.025287 0.871715 -20.053618 0.390026 -20.481039 -0.218531 
5 10.354191 -2.456640 8.987860 -0.576046 6.777089 -1.294369 6.777089 -3.618911 8.987860 -4.337234 
6 -5.396263 16.440017 -5.960316 17.416986 -7.088421 17.416986 -7.652474 16.440017 -7.088421 15.463049 -5.960316 15.463049 
8 -5.149192 30.019494 -5.738545 31.442316 -7.161366 32.031668 -8.584188 31.442316 -9.173540 30.019494 -8.584188 28.596672 -7.161366 28.007320 -5.738545 28.596672 
7 -15.213890 34.677521 -15.723706 35.736164 -16.869252 35.997628 -17.787908 35.265024 -17.787908 34.090018 -16.869252 33.357414 -15.723706 33.618877 
16 -35.637413 -3.149143 -35.901603 -4.160341 -35.703229 -5.402397 -35.022043 -6.459772 -33.973100 -7.153872 -32.733569 -7.367459 -31.512812 -7.064459 -30.685380 -6.425966 -31.922856 -4.822304 -32.413567 -5.200964 -32.808740 -5.299049 -33.209990 -5.229908 -33.549546 -5.005220 -33.770054 -4.662935 -33.834269 -4.260867 -33.677591 -3.661174 
3 16.106369 15.311303 13.483867 16.825405 13.483867 13.797201 
14 -2.409269 6.004528 -3.215515 7.758053 -5.362235 8.683351 -7.576831 7.934920 -8.722144 5.897068 -8.210075 3.616198 -6.636029 2.499389 -5.406688 4.232040 -6.315800 4.877068 -6.470681 5.566941 -6.124269 6.183311 -5.454441 6.409682 -4.805142 6.129816 -4.339484 5.117043 
16 3.435075 -32.827782 3.887068 -33.193716 4.560623 -33.383589 5.254429 -33.292151 5.855793 -32.934254 6.267036 -32.368031 6.421359 -31.685454 6.315270 -31.113658 5.184993 -31.323367 5.247939 -31.662628 5.197924 -31.883844 5.064645 -32.067351 4.869749 -32.183342 4.644894 -32.212976 4.426601 -32.151440 4.158422 -31.934322 
10 27.045878 -0.348405 27.619968 0.558822 27.417520 1.842919 26.418143 2.674264 25.344915 2.645616 25.376980 1.444370 25.997674 1.460938 26.301009 1.208606 26.362456 0.818852 26.030435 0.294164 
10 -35.959361 -19.167665 -37.574051 -20.023769 -38.177935 -22.158246 -37.052979 -24.070089 -35.274075 -24.489178 -34.854749 -22.709267 -35.873165 -22.469341 -36.205664 -21.904264 -36.027176 -21.273384 -35.102773 -20.783267 
16 10.112016 31.024889 10.927843 31.749421 11.509899 32.925920 11.607280 34.234911 11.205715 35.484585 10.364047 36.491827 9.205606 37.109042 8.120433 37.222715 7.883760 34.963328 8.528348 34.895807 8.904857 34.695203 9.178411 34.367835 9.308926 33.961673 9.277276 33.536233 9.088099 33.153854 8.603502 32.723485 
6 13.422445 -29.308307 11.374890 -28.608961 10.204220 -30.428603 11.324625 -31.149417 11.931095 -30.206745 12.991838 -30.569044 
4 16.913756 0.055563 14.947239 2.022080 12.980721 0.055563 14.947239 -1.910955 
6 7.791580 -23.357060 6.820913 -21.675815 4.879578 -21.675815 3.908911 -23.357060 4.879578 -25.038305 6.820913 -25.038305 
14 10.378518 -13.709266 9.898813 -14.871492 10.065535 -16.377549 10.936000 -17.617829 12.295664 -18.286646 13.809418 -18.219157 14.883779 -17.565986 13.837999 -15.845846 13.204419 -16.231038 12.721340 -16.252576 12.287434 -16.039139 12.009646 -15.643332 11.956440 -15.162709 12.239336 -14.477313 
4 -17.161645 -14.167732 -18.217157 -13.112220 -19.272669 -14.167732 -18.217157 -15.223244 
10 23.418713 -11.415585 23.651935 -9.934208 22.544260 -8.489694 20.734213 -8.296578 19.591151 -9.267289 20.559163 -10.407172 21.213334 -9.851636 21.747835 -9.908663 22.074928 -10.335223 21.941456 -11.183012 
14 -10.822629 24.695096 -11.448836 25.213930 -12.427837 25.292375 -13.274244 24.794189 -13.680870 23.900181 -13.500137 22.934816 -12.918462 22.366504 -12.171062 23.131478 -12.511088 23.463693 -12.567483 23.764917 -12.440603 24.043876 -12.176497 24.199325 -11.871018 24.174848 -11.504960 23.871557 
10 9.351002 7.178003 10.445376 7.463209 11.059157 8.693138 10.536431 9.964440 9.465692 10.328465 9.120495 9.313107 9.729878 9.105932 9.881987 8.735992 9.703381 8.378091 9.080548 8.215774 
8 2.694027 25.687830 3.195492 22.254003 7.537024 22.628349 7.443298 26.097333 5.561276 26.046484 5.607068 24.351634 4.801977 24.282215 4.556975 25.959889 
8 -8.408118 -24.344327 -9.015179 -22.878753 -10.480753 -22.271692 -11.946328 -22.878753 -12.553388 -24.344327 -11.946328 -25.809902 -10.480753 -26.416962 -9.015179 -25.809902 
7 -30.109476 31.047181 -30.813688 32.509491 -32.396037 32.870651 -33.664982 31.858701 -33.664982 30.235660 -32.396037 29.223710 -30.813688 29.584870 
4 14.802166 -7.159318 13.214598 -5.571750 11.627030 -7.159318 13.214598 -8.746886 
6 -7.088434 -14.069745 -7.974472 -12.535082 -9.746548 -12.535082 -10.632586 -14.069745 -9.746548 -15.604408 -7.974472 -15.604408 
4 32.024783 20.449720 30.877374 21.597130 29.729964 20.449720 30.877374 19.302311 
5 13.365537 -22.459140 11.917879 -20.466609 9.575518 -21.227688 9.575518 -23.690592 11.917879 -24.451671 
8 -31.901211 17.933025 -32.285888 18.861719 -33.214582 19.246396 -34.143276 18.861719 -34.527954 17.933025 -34.143276 17.004331 -33.214582 16.619653 -32.285888 17.004331 
12 -24.028794 -17.045416 -24.778108 -17.621345 -25.097858 -18.717541 -24.708607 -19.791025 -23.760576 -20.427517 -22.816272 -20.389331 -22.864941 -19.185806 -23.415960 -19.208088 -23.710419 -19.010394 -23.831320 -18.676970 -23.732006 -18.336492 -23.294766 -18.000426 
8 20.206033 -26.523168 19.976414 -24.042078 17.184307 -22.810047 15.196791 -24.312816 16.346078 -25.832828 17.439975 -25.005729 18.182166 -25.333224 18.308545 -26.698776 
8 15.951786 19.424349 15.556479 20.378704 14.602123 20.774011 13.647767 20.378704 13.252460 19.424349 13.647767 18.469993 14.602123 18.074686 15.556479 18.469993 
8 35.889524 -8.938444 35.347800 -7.630606 34.039962 -7.088881 32.732124 -7.630606 32.190399 -8.938444 32.732124 -10.246282 34.039962 -10.788006 35.347800 -10.246282 
12 -16.050465 -32.922582 -14.179618 -32.357844 -12.764023 -30.467870 -12.744913 -28.106610 -14.129733 -26.193972 -15.991195 -25.599028 -16.745806 -27.960058 -15.659919 -28.307120 -15.230111 -28.900747 -15.236042 -29.633614 -15.675401 -30.220207 -16.766764 -30.549648 
3 19.176829 -31.628468 17.061658 -30.407273 17.061658 -32.849662 
8 -27.127890 9.882002 -27.029439 12.185104 -29.722952 13.124565 -31.078191 11.259814 -29.886041 10.393399 -29.174489 11.372463 -28.548591 11.154158 -28.600282 9.944943 
10 36.326657 5.363582 36.018351 7.341104 33.821234 8.406695 31.693669 7.208249 31.507330 5.215531 33.182780 5.058860 33.287099 6.174454 33.879557 6.508182 34.491382 6.211450 34.663983 5.104363 
8 25.863814 -24.262160 25.276589 -22.844473 23.858902 -22.257248 22.441215 -22.844473 21.853990 -24.262160 22.441215 -25.679847 23.858902 -26.267072 25.276589 -25.679847 
8 -22.428938 -2.273582 -23.133561 -0.572472 -24.834670 0.132151 -26.535780 -0.572472 -27.240403 -2.273582 -26.535780 -3.974691 -24.834670 -4.679314 -23.133561 -3.974691 
7 -11.448574 7.468992 -12.120132 8.863496 -13.629108 9.207910 -14.839213 8.242883 -14.839213 6.695101 -13.629108 5.730075 -12.120132 6.074489 
4 -30.700782 3.698901 -32.459048 5.457167 -34.217314 3.698901 -32.459048 1.940635 
16 -19.197932 27.464057 -19.011631 26.720020 -18.326553 26.097224 -17.411120 25.958703 -16.572452 26.350929 -16.091915 27.142314 -16.130725 28.067354 -16.582333 28.687313 -17.431006 28.069098 -17.166454 27.705926 -17.154278 27.415716 -17.305036 27.167438 -17.568148 27.044386 -17.855344 27.087844 -18.070271 27.283232 -18.179406 27.719088 
16 -29.024186 20.271773 -28.535693 18.896457 -27.207611 17.742659 -25.483780 17.391297 -23.810060 17.933249 -22.619352 19.228340 -22.219625 20.941603 -22.629981 22.342220 -24.818322 21.701075 -24.576542 20.875835 -24.703813 20.330338 -25.082931 19.917985 -25.615838 19.745430 -26.164700 19.857302 -26.587557 20.224668 -26.875375 21.035000 
4 8.141516 5.170759 5.996495 7.315780 3.851474 5.170759 5.996495 3.025738 
14 35.183903 2.785430 33.578471 2.625874 32.050101 1.420128 31.411967 -0.419037 31.865077 -2.312296 33.266704 -3.663288 34.848484 -3.980842 35.297369 -1.744877 34.369316 -1.558564 33.927826 -1.133023 33.785104 -0.536678 33.986106 0.042628 34.467517 0.422418 35.409448 0.516032 
10 -27.002842 -16.198315 -27.146933 -14.504205 -29.061767 -13.681785 -30.689269 -14.983399 -30.378072 -16.654904 -29.119703 -16.420623 -29.290423 -15.503654 -28.861695 -15.160773 -28.357276 -15.377421 -28.278229 -16.306792 
12 19.693989 1.292861 20.398234 2.288000 20.302678 3.759577 19.302291 4.843042 17.842991 5.055444 16.794946 4.432655 17.532228 3.191940 18.140891 3.553631 18.588640 3.488461 18.895584 3.156027 18.924903 2.704511 18.515905 2.126573 
16 31.475612 17.467437 31.907769 17.080911 32.578457 16.887123 33.266849 17.003279 33.836816 17.406409 34.175646 18.016795 34.216336 18.713731 33.995839 19.249962 33.036088 18.855314 33.166584 18.537959 33.153481 18.313532 33.044371 18.116977 32.860831 17.987161 32.639156 17.949757 32.423181 18.012160 32.167420 18.240916 
6 -15.414264 20.755988 -16.326283 22.335650 -18.150320 22.335650 -19.062338 20.755988 -18.150320 19.176325 -16.326283 19.176325 
6 -1.198856 33.162226 -2.023999 34.591416 -3.674285 34.591416 -4.499428 33.162226 -3.674285 31.733037 -2.023999 31.733037 
6 23.486202 12.509272 22.011427 10.428280 24.504882 9.891462 24.726033 10.918681 23.789696 11.120266 24.343501 11.901715 
3 -25.777234 -9.254774 -28.735636 -7.546739 -28.735636 -10.962808 
7 -17.325604 -19.071699 -17.836013 -18.011825 -18.982891 -17.750057 -19.902616 -18.483513 -19.902616 -19.659885 -18.982891 -20.393341 -17.836013 -20.131574 
6 -3.991172 -19.235820 -4.777571 -17.873737 -6.350370 -17.873737 -7.136769 -19.235820 -6.350370 -20.597904 -4.777571 -20.597904 
4 1.438228 27.099143 -0.567464 29.104835 -2.573156 27.099143 -0.567464 25.093451 
3 5.485652 -4.759584 2.041555 -2.771134 2.041555 -6.748034 
7 -11.454437 14.834266 -11.984709 15.935387 -13.176219 16.207341 -14.131736 15.445342 -14.131736 14.223190 -13.176219 13.461191 -11.984709 13.733145 
8 20.740867 -16.765984 20.314165 -15.735833 19.284014 -15.309130 18.253863 -15.735833 17.827160 -16.765984 18.253863 -17.796135 19.284014 -18.222838 20.314165 -17.796135 
8 32.338312 -32.298460 31.901851 -31.244751 30.848142 -30.808290 29.794432 -31.244751 29.357971 -32.298460 29.794432 -33.352170 30.848142 -33.788631 31.901851 -33.352170 
12 21.611018 15.410921 22.466796 16.469183 22.675587 18.097545 21.998758 19.593224 20.637696 20.511192 19.277851 20.566835 19.196883 18.588069 19.995776 18.555380 20.425936 18.265259 20.639845 17.792554 20.573857 17.277916 20.071098 16.656199 
5 -7.386279 -28.575232 -8.243189 -27.395797 -9.629698 -27.846301 -9.629698 -29.304163 -8.243189 -29.754667 
