69
4 -40.000000 -41.000000 40.000000 -41.000000 40.000000 -40.000000 -40.000000 -40.000000 
4 -40.000000 40.000000 40.000000 40.000000 40.000000 41.000000 -40.000000 41.000000 
4 -41.000000 -41.000000 -40.000000 -41.000000 -40.000000 41.000000 -41.000000 41.000000 
4 40.000000 -41.000000 41.000000 -41.000000 41.000000 41.000000 40.000000 41.000000 
5 4.842854 -23.434311 3.964798 -22.225771 2.544073 -22.687392 2.544073 -24.181230 3.964798 -24.642852 
3 -20.071017 3.529618 -22.891230 5.157869 -22.891230 1.901367 
6 11.033127 -5.274341 13.936993 -6.317654 16.132670 -4.149720 14.562368 -2.559322 13.368184 -3.738417 11.788832 -3.170980 
14 -16.035091 -6.539501 -15.394415 -8.296738 -13.510501 -9.545289 -11.253306 -9.430939 -9.505218 -7.998389 -8.949607 -5.807657 -9.656409 -4.075959 -11.848997 -4.970876 -11.436726 -5.980960 -11.609125 -6.660716 -12.151534 -7.105217 -12.851913 -7.140699 -13.436466 -6.753289 -13.810167 -5.728309 
8 -15.240204 22.663685 -15.954270 24.387594 -17.678179 25.101660 -19.402087 24.387594 -20.116154 22.663685 -19.402087 20.939777 -17.678179 20.225711 -15.954270 20.939777 
6 0.133068 -21.624084 -1.057040 -19.562756 -3.437256 -19.562756 -4.627364 -21.624084 -3.437256 -23.685411 -1.057040 -23.685411 
16 -8.914647 -26.276183 -9.754054 -27.587201 -9.579281 -29.461287 -8.288756 -30.831430 -6.428473 -31.117950 -4.785480 -30.199625 -4.054893 -28.464982 -4.460912 -26.962144 -6.288282 -27.455842 -6.052054 -28.330212 -6.277267 -28.864940 -6.783742 -29.148026 -7.357200 -29.059702 -7.755022 -28.637337 -7.808898 -28.059624 -7.320520 -27.296857 
10 -10.410996 -19.784074 -11.467814 -19.156085 -12.914061 -19.518540 -13.685111 -20.794661 -13.395035 -21.989269 -12.160938 -21.689604 -12.327533 -21.003521 -12.097730 -20.623187 -11.666692 -20.515161 -11.059744 -20.875826 
8 -24.002271 13.588105 -24.301572 14.310682 -25.024149 14.609983 -25.746726 14.310682 -26.046027 13.588105 -25.746726 12.865528 -25.024149 12.566226 -24.301572 12.865528 
4 -0.366395 1.613531 -2.243357 3.490493 -4.120320 1.613531 -2.243357 -0.263432 
14 8.457355 14.037553 6.557191 14.725112 4.248430 13.922207 2.961941 11.843752 3.273046 9.419243 5.042619 7.732933 7.056979 7.572569 7.246506 9.953250 6.076782 10.046372 5.533998 10.563617 5.438572 11.307291 5.833179 11.944819 6.541349 12.191095 7.644761 11.791835 
8 38.320378 14.496874 37.704246 15.984350 36.216769 16.600483 34.729293 15.984350 34.113160 14.496874 34.729293 13.009397 36.216769 12.393264 37.704246 13.009397 
4 19.229562 12.585349 17.041842 14.773069 14.854121 12.585349 17.041842 10.397628 
7 -26.803036 18.485942 -27.262679 19.440401 -28.295487 19.676132 -29.123735 19.015627 -29.123735 17.956258 -28.295487 17.295752 -27.262679 17.531484 
8 -37.744385 -26.758047 -34.193688 -25.641885 -34.140336 -21.042041 -37.664190 -19.843824 -38.444051 -22.137328 -36.583009 -22.770138 -36.595622 -23.857597 -38.470841 -24.447072 
14 6.402420 -9.178566 6.714289 -10.584136 8.061947 -11.686326 9.802624 -11.718735 11.190376 -10.667473 11.630500 -8.983046 11.054830 -7.663389 9.460703 -8.358791 9.795490 -9.126251 9.659968 -9.644917 9.232654 -9.968619 8.696668 -9.958640 8.281700 -9.619256 8.100329 -8.801832 
16 17.978882 2.808080 18.726663 3.269676 19.178102 4.229362 19.031808 5.279788 18.335321 6.079601 17.314975 6.368891 16.302345 6.053649 15.742346 5.376414 16.684602 4.597271 17.012913 4.994314 17.331256 5.093418 17.652026 5.002473 17.870983 4.751033 17.916974 4.420808 17.775053 4.119108 17.336651 3.848488 
16 7.925782 -19.471085 8.439729 -20.249628 9.414187 -20.808983 10.536083 -20.870597 11.565935 -20.421317 12.283908 -19.557048 12.536742 -18.462278 12.315662 -17.555970 10.755041 -17.936660 10.885733 -18.472427 10.804550 -18.823948 10.574015 -19.101457 10.243339 -19.245717 9.883109 -19.225933 9.570219 -19.046329 9.266397 -18.586091 
8 -17.780793 -4.137306 -16.526657 -2.862872 -16.828752 -0.706120 -18.384773 0.174698 -19.163268 -1.200564 -18.285654 -1.697356 -18.199833 -2.310064 -18.907180 -3.028860 
4 3.020424 -15.006809 1.095224 -13.081609 -0.829977 -15.006809 1.095224 -16.932009 
7 -3.477718 -14.599694 -4.275216 -12.943673 -6.067177 -12.534669 -7.504218 -13.680671 -7.504218 -15.518716 -6.067177 -16.664719 -4.275216 -16.255715 
4 -2.509780 14.561232 -4.308309 16.359761 -6.106838 14.561232 -4.308309 12.762704 
4 28.397766 18.534935 26.406751 20.525950 24.415735 18.534935 26.406751 16.543919 
6 28.441656 -16.847271 27.729154 -15.613180 26.304148 -15.613180 25.591646 -16.847271 26.304148 -18.081362 27.729154 -18.081362 
14 29.960421 -1.563884 28.617711 -1.498478 27.309570 -2.464646 26.907514 -4.040419 27.592847 -5.515218 29.056523 -6.223994 30.364231 -5.912470 29.997624 -4.373535 29.238475 -4.554380 28.789868 -4.337145 28.579818 -3.885129 28.703046 -3.402165 29.103982 -3.106041 29.883450 -3.144010 
7 -4.644235 -9.894663 -5.081314 -8.987059 -6.063422 -8.762899 -6.851011 -9.390980 -6.851011 -10.398345 -6.063422 -11.026427 -5.081314 -10.802267 
3 -8.179022 10.291960 -10.479892 11.620367 -10.479892 8.963552 
10 20.883292 -9.105416 20.869008 -10.174161 21.681161 -11.180601 22.948769 -11.436892 23.890410 -10.931195 23.301660 -9.834903 22.755440 -10.128244 22.367700 -10.049849 22.119276 -9.741995 22.127562 -9.122047 
4 22.411050 0.917443 20.991853 2.336640 19.572656 0.917443 20.991853 -0.501754 
12 15.407337 35.234311 14.720926 36.763228 12.883426 37.623177 10.929990 37.075448 9.807453 35.385528 10.016004 33.722623 11.901664 33.959111 11.780927 34.921820 12.122545 35.436108 12.717028 35.602796 13.276228 35.341091 13.673614 34.455952 
4 -25.861671 30.176196 -28.071441 32.385966 -30.281211 30.176196 -28.071441 27.966426 
10 -11.939426 35.061771 -11.350423 36.686168 -12.831146 38.205595 -14.843673 37.534077 -15.064910 35.820412 -13.819756 35.659661 -13.699342 36.592372 -13.180716 36.765421 -12.799136 36.373867 -13.119718 35.489742 
16 0.328557 20.328647 -0.600920 20.150256 -1.422211 19.356404 -1.675487 18.242595 -1.278245 17.171652 -0.359885 16.492436 0.780436 16.426201 1.601413 16.897102 0.947041 18.037946 0.465755 17.761887 0.107324 17.782707 -0.181339 17.996201 -0.306202 18.332825 -0.226591 18.682923 0.031561 18.932450 0.576453 19.037030 
3 -20.658072 -11.215746 -23.502091 -9.573751 -23.502091 -12.857742 
4 -5.972631 23.319554 -7.854747 25.201671 -9.736864 23.319554 -7.854747 21.437438 
12 -34.613141 18.123871 -32.962154 18.003486 -31.620626 19.508551 -31.996570 21.489355 -33.796250 22.398240 -35.288322 21.681323 -34.654037 20.361226 -33.812370 20.765634 -33.300906 20.507331 -33.194064 19.944392 -33.575322 19.516657 -34.506632 19.584565 
12 18.646654 25.982989 17.866074 26.773758 16.558666 27.070822 15.296952 26.617345 14.477789 25.555961 14.379205 24.449208 15.944836 24.309749 16.002679 24.959120 16.260724 25.293468 16.658178 25.436318 17.070026 25.342740 17.528020 24.878768 
3 -13.712626 16.743040 -15.836826 17.969447 -15.836826 15.516633 
6 -12.673891 6.963568 -18.227725 6.342533 -15.477965 1.477395 -13.472100 2.611103 -14.505938 4.440266 -12.417843 4.673759 
4 -32.507328 35.412044 -33.762750 36.667465 -35.018172 35.412044 -33.762750 34.156622 
7 2.588516 30.312908 2.006298 31.521896 0.698066 31.820492 -0.351054 30.983846 -0.351054 29.641971 0.698066 28.805325 2.006298 29.103920 
14 -23.089095 26.576075 -21.174290 26.248646 -19.303730 27.686016 -19.089195 30.035273 -20.668463 31.787682 -23.027302 31.817819 -24.364229 30.408452 -22.982568 29.097806 -22.218832 29.902923 -21.525590 29.894067 -21.061457 29.379048 -21.124507 28.688622 -21.674248 28.266192 -22.768103 28.453239 
3 -35.426688 6.035367 -38.418534 7.762710 -38.418534 4.308024 
14 -14.700820 28.159533 -14.178327 27.333421 -13.086810 26.883483 -11.935916 27.146727 -11.148526 28.026426 -11.013956 29.199347 -11.483972 30.056403 -12.604034 29.442152 -12.329375 28.941323 -12.371328 28.575663 -12.616798 28.301415 -12.975591 28.219348 -13.315874 28.359617 -13.621198 28.842364 
10 8.307718 -27.515533 6.388409 -27.223444 4.940679 -29.110332 5.895037 -31.288743 7.828496 -31.464233 7.962166 -29.991518 6.898899 -29.895011 6.645790 -29.317268 7.029747 -28.816840 8.085233 -28.977469 
8 35.387715 -11.269245 34.777618 -9.796341 33.304714 -9.186244 31.831809 -9.796341 31.221713 -11.269245 31.831809 -12.742149 33.304714 -13.352246 34.777618 -12.742149 
16 21.429396 -4.610819 20.808292 -4.223582 19.925747 -4.207973 19.160671 -4.648187 18.730641 -5.419033 18.757952 -6.301293 19.234837 -7.044065 19.890610 -7.369157 20.374661 -6.392733 19.989021 -6.201556 19.837922 -5.966213 19.829269 -5.686673 19.965522 -5.442434 20.207932 -5.302955 20.487562 -5.307901 20.852814 -5.535623 
7 -31.992450 -0.971652 -32.629338 0.350860 -34.060412 0.677493 -35.208044 -0.237713 -35.208044 -1.705590 -34.060412 -2.620796 -32.629338 -2.294163 
8 -29.378302 5.679213 -29.773632 6.633624 -30.728044 7.028954 -31.682456 6.633624 -32.077786 5.679213 -31.682456 4.724801 -30.728044 4.329471 -29.773632 4.724801 
7 23.453554 5.167197 22.953451 6.205671 21.829730 6.462153 20.928576 5.743507 20.928576 4.590887 21.829730 3.872240 22.953451 4.128722 
3 -23.533263 -4.814428 -25.539311 -3.656236 -25.539311 -5.972620 
16 -0.443326 -26.424355 -1.190263 -27.312457 -1.525295 -28.669173 -1.227047 -30.034446 -0.356776 -31.127859 0.906769 -31.724832 2.304064 -31.702751 3.337115 -31.174124 2.408933 -29.360260 1.797885 -29.672942 1.348559 -29.680043 0.942243 -29.488075 0.662391 -29.136468 0.566484 -28.697440 0.674220 -28.261163 1.116033 -27.735852 
6 11.711798 1.040815 11.192312 1.940591 10.153340 1.940591 9.633854 1.040815 10.153340 0.141039 11.192312 0.141039 
14 29.318480 7.060350 30.958511 7.061410 32.573093 8.209102 33.225350 10.079564 32.674520 11.982366 31.123927 13.215139 29.486320 13.304305 29.370065 11.169163 30.326891 11.117065 30.810129 10.732875 30.981794 10.139872 30.778520 9.556948 30.275340 9.199274 29.317097 9.198654 
5 -30.269491 -8.236488 -31.946608 -5.928136 -34.660239 -6.809848 -34.660239 -9.663129 -31.946608 -10.544841 
12 6.992788 25.676430 5.084677 24.512977 4.404997 21.890020 5.742262 19.533414 8.342583 18.771705 10.319962 19.813089 9.227630 21.887210 8.090362 21.288270 7.312454 21.516141 6.912400 22.221139 7.115732 23.005819 8.213161 23.674966 
4 -30.532004 -13.953320 -32.141999 -12.343325 -33.751993 -13.953320 -32.141999 -15.563314 
6 24.750579 -19.511921 23.498394 -14.927352 19.135059 -16.810844 20.037916 -18.902420 21.992134 -18.058856 22.552954 -20.112159 
3 3.803284 -2.756127 1.234232 -1.272884 1.234232 -4.239369 
6 -2.268946 29.430283 -3.123679 30.910724 -4.833146 30.910724 -5.687879 29.430283 -4.833146 27.949841 -3.123679 27.949841 
4 -4.557167 34.548730 -6.549264 36.540828 -8.541362 34.548730 -6.549264 32.556633 
6 20.153049 32.106749 19.286202 33.608172 17.552509 33.608172 16.685662 32.106749 17.552509 30.605327 19.286202 30.605327 
8 34.937389 -32.849076 34.330281 -31.383387 32.864592 -30.776279 31.398904 -31.383387 30.791796 -32.849076 31.398904 -34.314764 32.864592 -34.921872 34.330281 -34.314764 
10 -0.339995 10.405950 -2.585455 11.886499 -5.373876 10.108475 -4.888154 6.837276 -2.298004 6.112544 -1.784870 7.946455 -3.185829 8.338448 -3.308812 9.166702 -2.602795 9.616890 -1.388272 8.816092 
8 -7.661706 17.625645 -10.093314 17.973339 -11.983607 15.637636 -11.136614 13.331945 -9.322484 13.998364 -9.791251 15.274446 -9.281044 15.904873 -7.935273 15.712443 
