90
16 26.375002 -11.387706 27.021412 -11.912509 28.027066 -11.949237 28.852514 -11.373632 29.165663 -10.417271 28.840524 -9.464920 28.007909 -8.899730 27.176286 -8.940570 27.227241 -9.978164 27.711885 -9.954364 27.969639 -10.129331 28.070293 -10.424152 27.973351 -10.720215 27.717815 -10.898406 27.406493 -10.887036 27.029785 -10.581197 
12 29.412427 -26.890726 30.372381 -26.548468 30.872167 -25.416746 30.394278 -24.275605 29.237184 -23.837753 28.319809 -24.281685 28.761372 -25.194164 29.286243 -24.940171 29.627689 -25.069377 29.768709 -25.406115 29.621227 -25.740073 29.071995 -25.935895 
3 37.480114 -22.574421 35.170476 -21.240951 35.170476 -23.907891 
8 -2.711167 30.768268 -3.147558 31.821810 -4.201100 32.258201 -5.254641 31.821810 -5.691032 30.768268 -5.254641 29.714727 -4.201100 29.278336 -3.147558 29.714727 
14 -24.308959 19.645923 -25.093735 19.802334 -26.006533 19.489897 -26.638699 18.761073 -26.818997 17.813280 -26.498589 16.903249 -25.889529 16.384228 -25.097383 17.313793 -25.455914 17.619322 -25.557695 17.908403 -25.500421 18.209480 -25.299607 18.440999 -25.009646 18.540249 -24.547678 18.448175 
4 -2.211050 9.201015 -3.370084 10.360050 -4.529118 9.201015 -3.370084 8.041981 
7 31.651955 -2.686857 31.159408 -1.664072 30.052665 -1.411465 29.165125 -2.119254 29.165125 -3.254459 30.052665 -3.962248 31.159408 -3.709641 
8 21.398459 35.259026 20.957238 36.324226 19.892038 36.765446 18.826839 36.324226 18.385618 35.259026 18.826839 34.193826 19.892038 33.752605 20.957238 34.193826 
8 -27.654966 28.139147 -27.992420 28.953833 -28.807105 29.291287 -29.621791 28.953833 -29.959245 28.139147 -29.621791 27.324461 -28.807105 26.987007 -27.992420 27.324461 
4 -11.895314 16.661524 -13.236372 18.002581 -14.577430 16.661524 -13.236372 15.320466 
4 -28.167733 -24.279223 -29.182263 -23.264693 -30.196793 -24.279223 -29.182263 -25.293753 
7 0.202626 -1.350762 -0.284122 -0.340018 -1.377835 -0.090385 -2.254926 -0.789841 -2.254926 -1.911682 -1.377835 -2.611138 -0.284122 -2.361505 
10 33.477645 -32.319830 31.889037 -31.188821 29.748691 -32.252793 29.678333 -34.641971 31.370458 -35.611284 32.100352 -34.337114 31.172026 -33.805334 31.190563 -33.175879 31.754461 -32.895564 32.625995 -33.516052 
3 -33.816005 -20.510427 -35.659796 -19.445914 -35.659796 -21.574940 
3 -1.677103 -28.942388 -3.249135 -28.034775 -3.249135 -29.850002 
14 9.281786 -26.541025 8.462511 -26.911452 7.946800 -27.868165 8.117141 -28.941590 8.903698 -29.691647 9.984001 -29.810829 10.754314 -29.347098 10.181283 -28.395227 9.732640 -28.665312 9.398728 -28.628474 9.155611 -28.396638 9.102960 -28.064853 9.262362 -27.769142 9.739522 -27.553398 
12 -8.051236 5.665705 -8.886184 6.580700 -10.382738 6.697861 -11.554819 5.759978 -11.768691 4.274158 -11.059065 3.258884 -9.970874 4.019475 -10.379802 4.604534 -10.315495 5.051290 -9.963073 5.333293 -9.513089 5.298065 -9.031945 4.770793 
10 -18.505399 7.448555 -17.932823 8.482853 -18.438359 9.828474 -19.790400 10.316578 -20.817212 9.730684 -20.269173 8.770214 -19.685744 9.103115 -19.294009 8.961694 -19.147537 8.571819 -19.472871 7.984137 
4 16.580904 -36.549982 15.538897 -35.507975 14.496890 -36.549982 15.538897 -37.591989 
8 13.398901 -17.148296 12.184605 -15.566900 9.962043 -16.670382 10.487776 -18.593643 11.631264 -18.281064 11.362672 -17.298490 11.838300 -17.062345 12.458672 -17.870264 
14 -34.891654 27.748587 -33.910024 27.262484 -32.624467 27.586984 -31.857882 28.668788 -31.977801 29.989233 -32.926731 30.915238 -34.019734 30.987610 -34.102262 29.741219 -33.469216 29.699303 -33.180110 29.417181 -33.143574 29.014886 -33.377127 28.685298 -33.768792 28.586434 -34.337332 28.867975 
4 -9.435828 -2.307890 -10.463619 -1.280099 -11.491410 -2.307890 -10.463619 -3.335680 
14 -28.551399 35.151345 -29.756866 34.798952 -30.534065 33.490456 -30.210185 32.003412 -28.959213 31.136656 -27.453168 31.355806 -26.667490 32.335623 -27.721201 33.180554 -28.174086 32.615762 -28.627270 32.549818 -29.003700 32.810633 -29.101158 33.258099 -28.867292 33.651838 -28.172429 33.854967 
3 10.608195 20.481055 8.995201 21.412318 8.995201 19.549793 
3 30.986425 2.974748 28.945292 4.153196 28.945292 1.796300 
6 2.378780 -10.491457 5.128436 -11.371680 6.057132 -8.638016 4.612960 -8.147393 4.166288 -9.462196 2.843795 -9.038837 
10 -17.611927 15.020179 -18.193712 14.017481 -17.654070 12.712633 -16.289768 12.348597 -15.371935 13.056735 -15.996904 13.866770 -16.514467 13.467452 -16.901839 13.570814 -17.055062 13.941305 -16.726995 14.506724 
14 -27.512856 -1.089869 -28.230814 -0.717017 -29.204796 -0.772371 -30.014047 -1.317181 -30.431786 -2.198770 -30.340947 -3.170085 -29.864976 -3.824252 -28.883644 -3.110237 -29.163635 -2.725422 -29.192440 -2.417422 -29.059976 -2.137874 -28.803366 -1.965117 -28.494520 -1.947564 -28.072180 -2.166895 
6 -14.507729 27.036405 -15.504517 28.762891 -17.498091 28.762891 -18.494879 27.036405 -17.498091 25.309918 -15.504517 25.309918 
6 -3.023277 20.232127 -3.617966 21.262158 -4.807344 21.262158 -5.402033 20.232127 -4.807344 19.202095 -3.617966 19.202095 
4 18.868230 24.976999 17.474150 26.371080 16.080069 24.976999 17.474150 23.582918 
6 -28.889261 9.237430 -29.747435 10.723830 -31.463783 10.723830 -32.321957 9.237430 -31.463783 7.751029 -29.747435 7.751029 
6 1.062732 -11.691280 0.223739 -10.238101 -1.454248 -10.238101 -2.293241 -11.691280 -1.454248 -13.144460 0.223739 -13.144460 
5 -35.064695 32.806211 -35.839174 33.872190 -37.092308 33.465022 -37.092308 32.147399 -35.839174 31.740231 
8 -12.718371 -15.638137 -13.134997 -14.632312 -14.140823 -14.215685 -15.146648 -14.632312 -15.563275 -15.638137 -15.146648 -16.643963 -14.140823 -17.060589 -13.134997 -16.643963 
8 -19.871182 -7.744534 -20.246547 -6.838322 -21.152760 -6.462956 -22.058973 -6.838322 -22.434338 -7.744534 -22.058973 -8.650747 -21.152760 -9.026112 -20.246547 -8.650747 
7 -25.229956 -15.974596 -25.632525 -15.138654 -26.537088 -14.932193 -27.262491 -15.510683 -27.262491 -16.438508 -26.537088 -17.016998 -25.632525 -16.810538 
6 -11.130313 26.192582 -9.315512 27.793963 -10.958121 29.571535 -11.873470 28.725684 -11.096353 27.884715 -11.954934 27.127103 
3 -30.894888 20.795394 -33.013607 22.018637 -33.013607 19.572151 
7 -35.150507 24.818873 -35.647687 25.851279 -36.764841 26.106262 -37.660729 25.391815 -37.660729 24.245931 -36.764841 23.531485 -35.647687 23.786468 
3 4.668541 -1.271237 2.401455 0.037666 2.401455 -2.580140 
6 23.030588 -36.644308 22.034188 -34.918492 20.041387 -34.918492 19.044987 -36.644308 20.041387 -38.370124 22.034188 -38.370124 
5 -18.761354 -0.281535 -19.686695 0.992088 -21.183928 0.505607 -21.183928 -1.068677 -19.686695 -1.555157 
6 36.107615 -28.693418 35.271875 -27.245875 33.600396 -27.245875 32.764657 -28.693418 33.600396 -30.140962 35.271875 -30.140962 
12 4.860167 19.870042 5.646499 20.310825 6.060239 21.319403 5.757596 22.366694 4.869645 22.999115 3.969403 22.952516 4.025389 21.870928 4.548743 21.898018 4.821902 21.703467 4.915004 21.381290 4.787726 21.071023 4.330593 20.814774 
8 12.754764 -0.026275 12.359579 0.927788 11.405517 1.322973 10.451454 0.927788 10.056269 -0.026275 10.451454 -0.980337 11.405517 -1.375523 12.359579 -0.980337 
4 38.208968 -14.589322 37.119839 -13.500193 36.030710 -14.589322 37.119839 -15.678451 
6 2.702041 19.757856 2.485053 22.023571 0.280314 21.458177 0.548993 20.410469 1.528914 20.661764 1.625357 19.654742 
3 10.271786 4.606187 7.368018 6.282678 7.368018 2.929695 
6 -28.511287 4.671205 -29.345690 6.116434 -31.014495 6.116434 -31.848898 4.671205 -31.014495 3.225977 -29.345690 3.225977 
8 25.900130 -31.914355 25.349179 -30.584241 24.019065 -30.033290 22.688951 -30.584241 22.138000 -31.914355 22.688951 -33.244470 24.019065 -33.795421 25.349179 -33.244470 
5 21.847345 -9.108004 20.812499 -7.683660 19.138083 -8.227711 19.138083 -9.988296 20.812499 -10.532347 
7 -19.573162 4.056356 -20.213017 5.385028 -21.650757 5.713183 -22.803736 4.793713 -22.803736 3.318999 -21.650757 2.399529 -20.213017 2.727684 
3 -35.596822 -29.128285 -37.519520 -28.018215 -37.519520 -30.238355 
6 12.648400 -4.623147 12.064094 -3.611100 10.895483 -3.611100 10.311177 -4.623147 10.895483 -5.635194 12.064094 -5.635194 
3 -22.566807 30.158352 -24.604349 31.334727 -24.604349 28.981977 
4 -33.471164 -25.454882 -34.586969 -24.339077 -35.702773 -25.454882 -34.586969 -26.570686 
8 -27.101950 13.112713 -27.459653 13.976284 -28.323224 14.333987 -29.186795 13.976284 -29.544498 13.112713 -29.186795 12.249142 -28.323224 11.891439 -27.459653 12.249142 
6 -7.491697 -18.370158 -8.342946 -16.895751 -10.045445 -16.895751 -10.896695 -18.370158 -10.045445 -19.844565 -8.342946 -19.844565 
3 7.159188 32.164567 5.404552 33.177606 5.404552 31.151528 
3 -33.991686 36.570517 -35.680487 37.545547 -35.680487 35.595488 
6 36.497071 19.094526 34.833098 17.000709 36.423320 14.850345 37.767037 15.844041 36.938724 16.964120 37.805452 18.054744 
16 30.836136 -10.761934 32.000003 -11.006790 33.253776 -10.298238 33.726787 -8.937997 33.183147 -7.604412 31.893967 -6.962534 30.502153 -7.332462 29.841173 -8.321222 30.946077 -9.059844 31.328301 -8.488076 31.750607 -8.375831 32.141773 -8.570591 32.306725 -8.975230 32.163203 -9.387956 31.782781 -9.602946 31.109753 -9.461354 
7 25.496971 16.607615 25.116712 17.397232 24.262277 17.592251 23.577073 17.045820 23.577073 16.169411 24.262277 15.622979 25.116712 15.817999 
5 -19.192942 35.067492 -19.936208 36.090510 -21.138837 35.699752 -21.138837 34.435233 -19.936208 34.044475 
16 -21.947200 -36.145776 -21.004347 -36.541181 -19.795324 -36.291774 -18.938769 -35.402814 -18.734409 -34.185367 -19.253757 -33.065448 -20.315079 -32.434945 -21.335361 -32.500820 -21.247099 -33.867838 -20.650079 -33.829291 -20.318058 -34.026536 -20.155587 -34.376888 -20.219518 -34.757750 -20.487481 -35.035850 -20.865708 -35.113873 -21.417419 -34.882501 
3 30.992691 7.646405 29.124175 8.725193 29.124175 6.567617 
8 -18.311100 -23.955661 -18.065026 -22.367584 -19.441159 -20.974082 -21.032197 -21.200218 -20.835751 -22.582364 -19.940595 -22.455134 -19.552226 -22.848405 -19.690673 -23.741895 
7 17.928081 -11.965887 17.391528 -10.851723 16.185903 -10.576547 15.219068 -11.347573 15.219068 -12.584202 16.185903 -13.355228 17.391528 -13.080052 
10 -8.744621 -4.658289 -9.805421 -6.368448 -8.851042 -8.629753 -6.454073 -9.157848 -4.964857 -7.804268 -6.114562 -6.539356 -6.949606 -7.298344 -7.619956 -7.150654 -7.886863 -6.518245 -7.292043 -5.559313 
6 24.896112 -19.757715 26.369125 -16.033814 22.365525 -15.942193 22.326681 -17.639580 23.893935 -17.675446 23.317308 -19.133209 
8 21.055411 1.283250 19.335835 1.119853 19.031576 -1.002685 20.636004 -1.642568 21.028431 -0.658604 20.198506 -0.327611 20.266131 0.144148 21.155619 0.228669 
3 14.925682 -29.850356 13.004081 -28.740919 13.004081 -30.959793 
7 37.700491 -34.497458 37.199629 -33.457407 36.074202 -33.200536 35.171680 -33.920273 35.171680 -35.074643 36.074202 -35.794380 37.199629 -35.537509 
3 -0.866333 3.697382 -2.619145 4.709369 -2.619145 2.685396 
14 -7.948220 -28.829966 -8.940395 -28.994329 -9.697562 -29.948661 -9.618167 -31.164288 -8.743302 -32.012028 -7.525778 -32.053110 -6.758002 -31.403537 -7.470106 -30.561851 -7.913396 -30.936894 -8.281324 -30.924479 -8.545703 -30.668298 -8.569695 -30.300943 -8.340884 -30.012550 -7.768034 -29.917652 
6 5.648673 -21.047655 6.197461 -22.339962 7.599687 -22.410590 7.651071 -21.390433 6.887643 -21.351980 6.588861 -20.648397 
6 22.399564 5.883417 20.259982 7.088717 18.712282 5.182101 19.826019 4.278023 20.610713 5.244690 21.695495 4.633594 
10 -30.049826 -11.949597 -28.351095 -11.816573 -27.134389 -10.139658 -27.621419 -8.125900 -29.141722 -7.356447 -29.861460 -8.778521 -28.997634 -9.215720 -28.856524 -9.799178 -29.209047 -10.285040 -30.174255 -10.360624 
5 -2.349398 -22.018810 -3.384391 -20.594264 -5.059045 -21.138392 -5.059045 -22.899228 -3.384391 -23.443356 
8 22.559787 18.884558 24.470449 19.537855 24.283592 22.034975 22.296980 22.396643 22.072280 21.162381 23.104899 20.974390 23.147041 20.411210 22.153900 20.071633 
5 -16.638288 -13.274158 -17.561850 -12.002984 -19.056205 -12.488529 -19.056205 -14.059787 -17.561850 -14.545332 
6 11.207799 14.444976 12.551304 15.857488 11.266687 17.323760 10.454308 16.612025 11.089162 15.887397 10.425205 15.189338 
6 6.194967 -29.309002 4.517082 -28.662559 3.658934 -30.242675 4.557483 -30.730670 4.987187 -29.939453 5.827361 -30.263148 
6 24.053969 38.340634 22.621834 37.179687 23.550953 35.587348 24.470954 36.124163 24.002215 36.927497 24.724725 37.513193 
7 12.230120 31.337663 11.848708 32.129674 10.991682 32.325285 10.304400 31.777196 10.304400 30.898130 10.991682 30.350041 11.848708 30.545652 
4 2.657007 -20.746958 0.989556 -19.079507 -0.677895 -20.746958 0.989556 -22.414409 
6 -7.472907 19.022104 -9.322238 21.043007 -11.080073 18.942033 -10.068240 18.095457 -9.277781 19.040218 -8.446178 18.131463 
7 13.072246 -37.177484 12.578297 -36.151788 11.468404 -35.898462 10.578338 -36.608266 10.578338 -37.746702 11.468404 -38.456506 12.578297 -38.203180 
3 3.995829 29.494861 1.925874 30.689950 1.925874 28.299772 
