70
10 29.698683 -15.372232 31.723786 -14.526750 32.188381 -11.886128 30.215334 -10.070690 28.093073 -10.629161 28.545875 -12.349866 29.726842 -12.039095 30.267352 -12.536429 30.140078 -13.259820 29.013176 -13.730302 
16 -16.820774 26.130618 -16.287260 25.184631 -15.044664 24.753886 -13.828238 25.253780 -13.247588 26.433793 -13.593705 27.702568 -14.693132 28.424263 -15.768151 28.269788 -15.595966 27.071522 -14.974441 27.160833 -14.641026 26.941969 -14.536062 26.557197 -14.712151 26.199343 -15.081048 26.047744 -15.457881 26.178373 -15.766333 26.725297 
8 32.078043 -33.858257 31.779919 -33.138523 31.060184 -32.840399 30.340450 -33.138523 30.042326 -33.858257 30.340450 -34.577991 31.060184 -34.876115 31.779919 -34.577991 
10 13.730547 17.821968 12.978087 16.964758 13.048434 15.583569 14.061658 14.642288 15.201980 14.668173 15.174884 15.861834 14.519165 15.846949 14.216201 16.128402 14.195166 16.541391 14.627853 17.034312 
4 28.607353 11.339529 27.228272 12.718609 25.849191 11.339529 27.228272 9.960448 
14 -30.805752 28.391125 -31.655542 29.066846 -32.950348 29.258744 -34.167125 28.776251 -34.978560 27.749157 -35.166375 26.453753 -34.762995 25.445771 -33.219164 26.063591 -33.456652 26.657035 -33.396969 27.068681 -33.139116 27.395064 -32.752456 27.548388 -32.341000 27.487408 -31.840691 27.089581 
7 -7.793916 -9.007362 -8.486702 -7.568777 -10.043379 -7.213476 -11.291736 -8.209007 -11.291736 -9.805717 -10.043379 -10.801248 -8.486702 -10.445947 
6 -8.643732 2.389960 -9.199903 3.353277 -10.312245 3.353277 -10.868417 2.389960 -10.312245 1.426643 -9.199903 1.426643 
14 24.560414 4.326874 23.911760 5.110019 22.685017 5.235674 21.722207 4.465163 21.575920 3.240709 22.330115 2.265066 23.337652 2.127455 23.480664 3.174541 22.901690 3.253618 22.676576 3.544830 22.720240 3.910309 23.007622 4.140293 23.373784 4.102787 23.746528 3.652759 
6 9.412476 -7.574838 8.505116 -6.003244 6.690395 -6.003244 5.783035 -7.574838 6.690395 -9.146432 8.505116 -9.146432 
7 -0.241138 -21.366636 -0.755123 -20.299336 -1.910036 -20.035735 -2.836204 -20.774329 -2.836204 -21.958943 -1.910036 -22.697538 -0.755123 -22.433936 
4 26.450989 -34.927796 24.935441 -33.412248 23.419894 -34.927796 24.935441 -36.443344 
3 -30.716604 22.608277 -32.361583 23.558006 -32.361583 21.658548 
8 13.575388 2.494010 11.600343 1.797163 10.723345 -0.594955 11.779949 -2.403265 13.442741 -1.431688 12.843656 -0.406394 13.096327 0.282796 14.216158 0.677902 
6 2.188436 11.621610 1.417596 12.956744 -0.124085 12.956744 -0.894925 11.621610 -0.124085 10.286475 1.417596 10.286475 
7 -31.953504 31.964983 -32.391439 32.874365 -33.375470 33.098963 -34.164601 32.469652 -34.164601 31.460315 -33.375470 30.831003 -32.391439 31.055602 
8 26.163680 17.478973 25.657339 18.701390 24.434922 19.207732 23.212505 18.701390 22.706163 17.478973 23.212505 16.256556 24.434922 15.750215 25.657339 16.256556 
3 17.271193 -35.630994 15.747275 -34.751159 15.747275 -36.510828 
10 9.413797 -28.137891 8.275642 -28.506796 7.806461 -29.887175 8.632164 -31.088755 9.827702 -31.135419 9.868373 -30.093415 9.195413 -30.067148 8.962085 -29.727605 9.094666 -29.337535 9.735327 -29.129881 
4 -8.894053 18.260774 -9.948470 19.315191 -11.002887 18.260774 -9.948470 17.206357 
3 17.225622 -23.977985 15.389305 -22.917787 15.389305 -25.038183 
5 -14.562842 15.032664 -15.294762 16.040065 -16.479032 15.655272 -16.479032 14.410056 -15.294762 14.025263 
6 -12.292014 -17.639607 -13.012787 -16.391192 -14.454332 -16.391192 -15.175105 -17.639607 -14.454332 -18.888022 -13.012787 -18.888022 
14 2.775214 21.250755 2.366962 20.241069 2.631836 18.953392 3.565673 18.028071 4.855722 17.775002 6.069936 18.278941 6.676130 19.183741 5.436433 20.014309 5.081308 19.484253 4.700333 19.326136 4.295564 19.405539 4.002562 19.695871 3.919454 20.099895 4.158618 20.691396 
3 -25.168099 16.984792 -27.273823 18.200533 -27.273823 15.769052 
7 -8.752808 -4.075996 -9.274917 -2.991827 -10.448084 -2.724059 -11.388891 -3.474327 -11.388891 -4.677665 -10.448084 -5.427934 -9.274917 -5.160166 
4 18.513190 27.391604 16.890047 29.014747 15.266904 27.391604 16.890047 25.768461 
16 -21.238434 -1.977574 -22.197539 -2.627614 -22.877936 -3.845981 -22.938564 -5.240142 -22.366502 -6.512975 -21.283667 -7.393217 -19.920830 -7.693274 -18.797967 -7.407595 -19.290295 -5.472497 -19.954096 -5.641381 -20.391718 -5.545030 -20.739429 -5.262374 -20.923124 -4.853652 -20.903656 -4.405972 -20.685173 -4.014740 -20.118181 -3.630457 
4 31.589961 -2.553053 29.954391 -0.917483 28.318822 -2.553053 29.954391 -4.188622 
12 -25.258014 -18.546770 -25.299642 -19.811783 -24.270439 -20.949954 -22.739440 -21.053566 -21.566270 -20.064443 -21.437076 -18.805356 -22.760529 -18.669558 -22.834847 -19.393848 -23.185988 -19.689901 -23.644229 -19.658889 -23.952279 -19.318224 -23.928333 -18.590525 
5 -14.754117 -29.088127 -15.636907 -27.873070 -17.065292 -28.337181 -17.065292 -29.839073 -15.636907 -30.303184 
4 -28.194881 -3.121894 -29.352793 -1.963982 -30.510704 -3.121894 -29.352793 -4.279805 
16 14.778624 -12.468292 13.580390 -13.098834 13.036696 -14.646824 13.691978 -16.150979 15.195827 -16.806961 16.744070 -16.263987 17.508792 -14.812409 17.155800 -13.505220 15.746701 -13.885731 15.950216 -14.639383 15.719981 -15.076411 15.253850 -15.239884 14.801085 -15.042387 14.603799 -14.589530 14.767490 -14.123476 15.458324 -13.759941 
16 -2.972089 -2.420739 -2.462089 -3.807089 -0.980252 -4.801576 0.803197 -4.737106 2.209360 -3.638219 2.702958 -1.923224 2.096097 -0.244961 0.874108 0.584984 -0.191106 -0.983408 0.522242 -1.467896 0.710932 -1.989715 0.557458 -2.522955 0.120243 -2.864630 -0.434282 -2.884676 -0.895027 -2.575462 -1.192743 -1.766167 
8 14.403660 -26.635906 13.990643 -25.638793 12.993530 -25.225775 11.996417 -25.638793 11.583399 -26.635906 11.996417 -27.633019 12.993530 -28.046036 13.990643 -27.633019 
7 26.817464 -17.721087 26.293699 -16.633478 25.116811 -16.364861 24.173020 -17.117510 24.173020 -18.324664 25.116811 -19.077312 26.293699 -18.808695 
6 32.001407 -29.877540 31.373929 -28.790716 30.118973 -28.790716 29.491495 -29.877540 30.118973 -30.964363 31.373929 -30.964363 
6 -30.202286 9.552421 -32.269234 7.840401 -31.017519 5.466271 -29.593297 6.217165 -30.235156 7.434580 -29.175259 8.312475 
6 -13.857173 -11.706511 -15.909843 -12.614401 -14.688234 -14.497321 -13.795319 -13.918012 -14.337262 -13.082692 -13.426635 -12.679924 
6 -8.487371 30.527388 -9.319524 31.968720 -10.983831 31.968720 -11.815984 30.527388 -10.983831 29.086057 -9.319524 29.086057 
4 -18.195401 -25.071316 -19.646618 -23.620099 -21.097834 -25.071316 -19.646618 -26.522533 
3 -17.536419 35.811732 -19.237618 36.793919 -19.237618 34.829544 
8 22.372144 -22.941794 21.951640 -21.926607 20.936453 -21.506103 19.921266 -21.926607 19.500762 -22.941794 19.921266 -23.956981 20.936453 -24.377485 21.951640 -23.956981 
7 -31.688092 -23.603299 -32.259401 -22.416963 -33.543121 -22.123963 -34.572584 -22.944932 -34.572584 -24.261666 -33.543121 -25.082635 -32.259401 -24.789635 
8 25.260597 36.085544 23.722639 36.210875 22.940435 34.474348 24.053431 33.405580 24.763205 34.144727 24.171717 34.712710 24.360035 35.130784 25.177364 35.064178 
4 9.739432 -18.556912 8.716913 -17.534393 7.694394 -18.556912 8.716913 -19.579431 
5 -20.930487 0.521796 -21.677309 1.549709 -22.885693 1.157081 -22.885693 -0.113489 -21.677309 -0.506117 
12 -20.262965 2.816094 -19.063056 2.963937 -18.274813 4.205740 -18.733349 5.603290 -20.104052 6.136743 -21.158316 5.544993 -20.615643 4.578166 -20.018090 4.913568 -19.623536 4.760015 -19.491548 4.357734 -19.718441 4.000285 -20.398546 3.916488 
3 6.743703 -22.353871 4.107436 -20.831821 4.107436 -23.875921 
5 -0.832096 23.490304 -1.806267 24.831135 -3.382510 24.318983 -3.382510 22.661624 -1.806267 22.149472 
7 -28.323188 13.536356 -29.066774 15.080427 -30.737595 15.461781 -32.077490 14.393251 -32.077490 12.679461 -30.737595 11.610930 -29.066774 11.992284 
8 17.034370 -9.324437 18.256192 -9.373177 19.186129 -8.208465 18.868106 -7.027751 17.846727 -7.302858 18.025543 -7.966745 17.763533 -8.294902 17.076533 -8.267497 
5 -7.529010 -28.733758 -8.572121 -27.298039 -10.259910 -27.846435 -10.259910 -29.621081 -8.572121 -30.169477 
8 -5.018103 13.289815 -5.651528 11.768049 -4.309517 10.253152 -2.722473 10.698448 -3.046297 11.852566 -3.910260 11.610154 -4.256284 12.000754 -3.911457 12.829181 
5 -27.940759 35.147348 -29.227040 36.917762 -31.308285 36.241524 -31.308285 34.053173 -29.227040 33.376935 
6 -18.856281 9.408534 -20.666190 10.302124 -21.495350 8.461807 -20.554935 8.038100 -20.164708 8.904207 -19.312912 8.483658 
4 19.919380 7.772561 18.711539 8.980402 17.503698 7.772561 18.711539 6.564719 
5 -28.320745 -7.975891 -29.383577 -6.513029 -31.103275 -7.071792 -31.103275 -8.879990 -29.383577 -9.438754 
14 8.264050 6.325019 9.329781 6.220116 10.375588 6.987262 10.642037 8.256605 9.992975 9.379523 8.760066 9.782217 7.780218 9.350148 8.257017 8.268857 8.823059 8.518456 9.196166 8.396592 9.392587 8.056771 9.311953 7.672639 8.995468 7.440482 8.379814 7.501083 
6 30.580507 -25.593316 32.762573 -27.335097 35.109838 -25.823291 34.119139 -24.285108 32.876808 -25.085258 31.721911 -24.163390 
4 4.501665 -30.259566 3.427101 -29.185001 2.352537 -30.259566 3.427101 -31.334130 
4 19.775479 36.570097 17.897085 38.448491 16.018692 36.570097 17.897085 34.691704 
14 -19.706471 24.949989 -20.965522 24.539854 -21.722223 23.124143 -21.287630 21.578839 -19.903926 20.765083 -18.342198 21.136351 -17.624983 22.249465 -18.799572 23.006289 -19.212296 22.365742 -19.680171 22.254515 -20.094712 22.498306 -20.224911 22.961261 -19.998212 23.385391 -19.273685 23.621405 
10 -20.860874 31.288131 -20.541281 33.178805 -22.019234 34.980972 -24.348911 35.049929 -25.650408 33.641777 -24.317159 32.409510 -23.576582 33.210775 -22.898990 33.190719 -22.469124 32.666554 -22.650978 31.590724 
4 -35.049896 -18.693981 -36.224633 -17.519245 -37.399370 -18.693981 -36.224633 -19.868718 
5 21.205683 -1.435895 20.450391 -0.396326 19.228305 -0.793406 19.228305 -2.078384 20.450391 -2.475464 
3 36.019470 19.397580 34.476045 20.288677 34.476045 18.506483 
4 -26.105333 -13.155247 -27.295516 -11.965064 -28.485699 -13.155247 -27.295516 -14.345429 
7 -18.252162 -35.626529 -18.785246 -34.519570 -19.983073 -34.246174 -20.943655 -35.012213 -20.943655 -36.240845 -19.983073 -37.006884 -18.785246 -36.733488 
3 -35.033045 34.075196 -37.241024 35.349973 -37.241024 32.800419 
