22
4 -40.000000 -41.000000 40.000000 -41.000000 40.000000 -40.000000 -40.000000 -40.000000 
4 -40.000000 40.000000 40.000000 40.000000 40.000000 41.000000 -40.000000 41.000000 
4 -41.000000 -41.000000 -40.000000 -41.000000 -40.000000 41.000000 -41.000000 41.000000 
4 40.000000 -41.000000 41.000000 -41.000000 41.000000 41.000000 40.000000 41.000000 
4 0.500000 32.000000 0.500000 40.000000 -0.500000 40.000000 -0.500000 32.000000 
4 -0.500000 -32.000000 -0.500000 -40.000000 0.500000 -40.000000 0.500000 -32.000000 
6 -7.356704 -1.388270 -5.974343 -4.558493 -3.281699 -6.728955 -2.654127 -5.950397 -5.155759 -3.933904 -6.440058 -0.988571 
6 1.388270 -7.356704 4.558493 -5.974343 6.728955 -3.281699 5.950397 -2.654127 3.933904 -5.155759 0.988571 -6.440058 
6 7.356704 1.388270 5.974343 4.558493 3.281699 6.728955 2.654127 5.950397 5.155759 3.933904 6.440058 0.988571 
6 -1.388270 7.356704 -4.558493 5.974343 -6.728955 3.281699 -5.950397 2.654127 -3.933904 5.155759 -0.988571 6.440058 
6 -9.035566 -14.958957 1.372569 -17.472100 11.260595 -13.364537 10.876971 -12.441047 1.290191 -16.423471 -8.800851 -13.986893 
6 14.958957 -9.035566 17.472100 1.372569 13.364537 11.260595 12.441047 10.876971 16.423471 1.290191 13.986893 -8.800851 
6 9.035566 14.958957 -1.372569 17.472100 -11.260595 13.364537 -10.876971 12.441047 -1.290191 16.423471 8.800851 13.986893 
6 -14.958957 9.035566 -17.472100 -1.372569 -13.364537 -11.260595 -12.441047 -10.876971 -16.423471 -1.290191 -13.986893 8.800851 
6 12.058562 -24.681859 25.134573 -11.237912 26.434520 7.471228 25.436925 7.540543 24.162365 -10.803228 11.341714 -23.984629 
6 24.681859 12.058562 11.237912 25.134573 -7.471228 26.434520 -7.540543 25.436925 10.803228 24.162365 23.984629 11.341714 
6 -12.058562 24.681859 -25.134573 11.237912 -26.434520 -7.471228 -25.436925 -7.540543 -24.162365 10.803228 -11.341714 23.984629 
6 -24.681859 -12.058562 -11.237912 -25.134573 7.471228 -26.434520 7.540543 -25.436925 -10.803228 -24.162365 -23.984629 -11.341714 
6 37.253673 -3.998674 30.628230 21.697748 8.583945 36.471104 8.027233 35.640398 29.755023 21.079147 36.285342 -4.248343 
6 3.998674 37.253673 -21.697748 30.628230 -36.471104 8.583945 -35.640398 8.027233 -21.079147 29.755023 4.248343 36.285342 
6 -37.253673 3.998674 -30.628230 -21.697748 -8.583945 -36.471104 -8.027233 -35.640398 -29.755023 -21.079147 -36.285342 4.248343 
6 -3.998674 -37.253673 21.697748 -30.628230 36.471104 -8.583945 35.640398 -8.027233 21.079147 -29.755023 -4.248343 -36.285342 
