39
4 -7.000000 2.750000 7.000000 2.750000 7.000000 3.250000 -7.000000 3.250000 
4 -10.000000 -6.250000 10.000000 -6.250000 10.000000 -5.750000 -10.000000 -5.750000 
10 -35.381401 -33.783139 -35.392056 -34.901608 -34.333777 -35.758304 -33.004809 -35.462116 -32.516575 -34.455779 -33.422188 -34.016412 -33.698237 -34.585398 -34.078274 -34.670097 -34.380903 -34.425112 -34.374879 -33.792727 
8 29.527895 35.267184 29.127812 36.233072 28.161924 36.633156 27.196036 36.233072 26.795952 35.267184 27.196036 34.301296 28.161924 33.901212 29.127812 34.301296 
4 25.083558 8.189430 23.499930 9.773059 21.916302 8.189430 23.499930 6.605802 
6 -34.967971 11.535941 -35.838847 13.044344 -37.580601 13.044344 -38.451478 11.535941 -37.580601 10.027538 -35.838847 10.027538 
3 -29.725662 26.882211 -31.761346 28.057514 -31.761346 25.706909 
14 -25.868179 -31.812037 -26.363686 -32.555078 -26.235334 -33.628457 -25.440415 -34.361069 -24.360149 -34.401578 -23.512596 -33.730556 -23.340440 -32.854200 -24.339646 -32.657911 -24.439354 -33.165474 -24.697568 -33.369906 -25.026679 -33.357565 -25.268857 -33.134369 -25.307961 -32.807355 -25.020976 -32.377005 
7 -30.641144 19.577601 -31.164964 20.665324 -32.341977 20.933969 -33.285867 20.181241 -33.285867 18.973960 -32.341977 18.221232 -31.164964 18.489878 
5 30.435762 27.600597 29.569507 28.792895 28.167877 28.337478 28.167877 26.863717 29.569507 26.408299 
10 -5.826095 17.468881 -4.782921 17.169803 -3.620741 17.786424 -3.211919 19.036924 -3.684963 20.013596 -4.712935 19.515706 -4.440783 18.953807 -4.563186 18.579401 -4.911149 18.394782 -5.511307 18.566848 
16 -18.655660 27.583083 -18.120576 27.099991 -17.265174 26.943483 -16.455194 27.259934 -15.932444 27.954873 -15.852980 28.820837 -16.240526 29.599307 -16.853039 29.979467 -17.405292 29.089676 -17.045474 28.866354 -16.923015 28.620367 -16.948124 28.346734 -17.113307 28.127143 -17.369249 28.027149 -17.639545 28.076603 -17.953877 28.360393 
4 28.177122 15.568423 26.935563 16.809983 25.694004 15.568423 26.935563 14.326864 
4 -12.060415 15.197796 -13.114212 16.251593 -14.168009 15.197796 -13.114212 14.143998 
6 -7.990209 23.619239 -8.599599 24.674732 -9.818377 24.674732 -10.427766 23.619239 -9.818377 22.563746 -8.599599 22.563746 
14 29.709826 8.457162 28.627917 8.872948 27.328488 8.339241 26.749972 7.059132 27.208056 5.731157 28.452770 5.079970 29.568392 5.394282 29.233102 6.584364 28.590486 6.403315 28.216634 6.598900 28.079048 6.997760 28.252806 7.382243 28.643092 7.542543 29.266288 7.303043 
3 25.244083 36.226554 22.620191 37.741459 22.620191 34.711649 
10 -23.867476 5.291967 -21.940244 6.891512 -22.459334 9.912961 -25.336578 10.971297 -27.259056 9.366041 -26.014538 7.875588 -24.953557 8.761500 -24.182983 8.478060 -24.043962 7.668866 -25.107567 6.786105 
6 29.457873 -17.653968 28.776584 -16.473941 27.414006 -16.473941 26.732718 -17.653968 27.414006 -18.833995 28.776584 -18.833995 
5 -24.065279 34.889461 -24.956688 36.116381 -26.399018 35.647739 -26.399018 34.131184 -24.956688 33.662542 
5 35.546331 18.877394 34.190076 20.744120 31.995609 20.031094 31.995609 17.723694 34.190076 17.010669 
8 -0.723476 -20.900887 -1.076304 -20.049085 -1.928107 -19.696256 -2.779910 -20.049085 -3.132738 -20.900887 -2.779910 -21.752690 -1.928107 -22.105519 -1.076304 -21.752690 
10 -14.038272 -30.523008 -14.225488 -32.110041 -12.816960 -33.454309 -10.896067 -33.136228 -10.157369 -31.719172 -11.397076 -31.072924 -11.813108 -31.871006 -12.356702 -31.961020 -12.755301 -31.580605 -12.649862 -30.686793 
6 -7.095977 -37.019475 -7.694238 -35.983256 -8.890760 -35.983256 -9.489022 -37.019475 -8.890760 -38.055693 -7.694238 -38.055693 
14 17.064883 23.935369 16.161979 24.284190 15.006861 24.120493 14.078260 23.414239 13.612013 22.344797 13.726532 21.183772 14.279259 20.389162 15.532301 21.260774 15.206523 21.729117 15.170029 22.099109 15.318611 22.439916 15.614535 22.664983 15.982645 22.717150 16.514817 22.511555 
4 -32.757082 -3.500328 -34.693391 -1.564018 -36.629701 -3.500328 -34.693391 -5.436637 
6 32.559782 -10.566153 31.034646 -10.135639 29.905117 -11.247191 30.763438 -12.119393 31.386314 -11.506430 32.227347 -11.743836 
3 12.931960 -15.880449 10.751242 -14.621411 10.751242 -17.139487 
8 30.574592 -4.492687 30.023833 -3.163038 28.694184 -2.612280 27.364536 -3.163038 26.813777 -4.492687 27.364536 -5.822335 28.694184 -6.373094 30.023833 -5.822335 
12 -17.454244 4.178097 -17.459412 5.187494 -18.184314 6.168283 -19.348380 6.532122 -20.502794 6.138728 -21.081875 5.311943 -20.027623 4.573543 -19.689708 5.056002 -19.331121 5.178199 -18.969536 5.065182 -18.744365 4.760527 -18.741349 4.171508 
4 -26.645484 21.646959 -28.100574 23.102049 -29.555664 21.646959 -28.100574 20.191869 
6 -25.512341 -37.302638 -26.191209 -36.126805 -27.548944 -36.126805 -28.227812 -37.302638 -27.548944 -38.478472 -26.191209 -38.478472 
6 -33.433624 -18.634378 -36.752440 -19.176770 -34.977473 -22.033030 -33.793807 -21.297464 -34.466332 -20.215242 -33.208851 -20.009732 
8 -30.023863 -0.895438 -31.047176 -2.620468 -29.365715 -4.446483 -27.562330 -3.568587 -28.122851 -2.417159 -29.069283 -2.877886 -29.459506 -2.454116 -28.922462 -1.548805 
8 -12.897370 9.046209 -13.316906 10.059057 -14.329754 10.478593 -15.342602 10.059057 -15.762137 9.046209 -15.342602 8.033361 -14.329754 7.613825 -13.316906 8.033361 
8 14.425167 13.974418 14.114120 14.725351 13.363186 15.036398 12.612253 14.725351 12.301206 13.974418 12.612253 13.223484 13.363186 12.912438 14.114120 13.223484 
8 16.174108 13.996439 16.828470 12.441227 18.770913 11.784794 20.234534 12.624250 19.432649 14.022366 18.598958 13.544205 18.032445 13.735654 17.659715 14.621515 
4 -15.846475 13.826198 -17.792999 15.772723 -19.739523 13.826198 -17.792999 11.879674 
5 33.425025 -17.418176 32.561007 -16.228956 31.162995 -16.683198 31.162995 -18.153154 32.561007 -18.607396 
