22
4 -40.000000 -41.000000 40.000000 -41.000000 40.000000 -40.000000 -40.000000 -40.000000 
4 -40.000000 40.000000 40.000000 40.000000 40.000000 41.000000 -40.000000 41.000000 
4 -41.000000 -41.000000 -40.000000 -41.000000 -40.000000 41.000000 -41.000000 41.000000 
4 40.000000 -41.000000 41.000000 -41.000000 41.000000 41.000000 40.000000 41.000000 
4 0.500000 32.000000 0.500000 40.000000 -0.500000 40.000000 -0.500000 32.000000 
4 -0.500000 -32.000000 -0.500000 -40.000000 0.500000 -40.000000 0.500000 -32.000000 
6 0.812621 -7.445630 3.684709 -6.545211 5.944250 -4.556715 5.283604 -3.806018 3.183235 -5.654434 0.513471 -6.491424 
6 7.445630 0.812621 6.545211 3.684709 4.556715 5.944250 3.806018 5.283604 5.654434 3.183235 6.491424 0.513471 
6 -0.812621 7.445630 -3.684709 6.545211 -5.944250 4.556715 -5.283604 3.806018 -3.183235 5.654434 -0.513471 6.491424 
6 -7.445630 -0.812621 -6.545211 -3.684709 -4.556715 -5.944250 -3.806018 -5.283604 -5.654434 -3.183235 -6.491424 -0.513471 
6 13.901936 -10.589362 17.521243 -0.423792 14.397637 9.904870 13.440451 9.615397 16.468816 -0.398337 12.959864 -10.253950 
6 10.589362 13.901936 0.423792 17.521243 -9.904870 14.397637 -9.615397 13.440451 0.398337 16.468816 10.253950 12.959864 
6 -13.901936 10.589362 -17.521243 0.423792 -14.397637 -9.904870 -13.440451 -9.615397 -16.468816 0.398337 -12.959864 10.253950 
6 -10.589362 -13.901936 -0.423792 -17.521243 9.904870 -14.397637 9.615397 -13.440451 -0.398337 -16.468816 -10.253950 -12.959864 
6 27.458277 0.875990 21.030976 17.765020 5.454160 26.925387 4.947241 26.063393 20.221293 17.081075 26.523668 0.520315 
6 -0.875990 27.458277 -17.765020 21.030976 -26.925387 5.454160 -26.063393 4.947241 -17.081075 20.221293 -0.520315 26.523668 
6 -27.458277 -0.875990 -21.030976 -17.765020 -5.454160 -26.925387 -4.947241 -26.063393 -20.221293 -17.081075 -26.523668 -0.520315 
6 0.875990 -27.458277 17.765020 -21.030976 26.925387 -5.454160 26.063393 -4.947241 17.081075 -20.221293 0.520315 -26.523668 
6 24.264495 28.551673 0.085176 37.532833 -24.134657 28.661509 -23.790719 27.722516 0.082757 36.466976 23.916299 27.614251 
6 -28.551673 24.264495 -37.532833 0.085176 -28.661509 -24.134657 -27.722516 -23.790719 -36.466976 0.082757 -27.614251 23.916299 
6 -24.264495 -28.551673 -0.085176 -37.532833 24.134657 -28.661509 23.790719 -27.722516 -0.082757 -36.466976 -23.916299 -27.614251 
6 28.551673 -24.264495 37.532833 -0.085176 28.661509 24.134657 27.722516 23.790719 36.466976 -0.082757 27.614251 -23.916299 
