22
4 -40.000000 -41.000000 40.000000 -41.000000 40.000000 -40.000000 -40.000000 -40.000000 
4 -40.000000 40.000000 40.000000 40.000000 40.000000 41.000000 -40.000000 41.000000 
4 -41.000000 -41.000000 -40.000000 -41.000000 -40.000000 41.000000 -41.000000 41.000000 
4 40.000000 -41.000000 41.000000 -41.000000 41.000000 41.000000 40.000000 41.000000 
4 0.500000 32.000000 0.500000 40.000000 -0.500000 40.000000 -0.500000 32.000000 
4 -0.500000 -32.000000 -0.500000 -40.000000 0.500000 -40.000000 0.500000 -32.000000 
6 7.309957 1.612074 5.756005 4.832926 2.852621 6.920752 2.268797 6.108871 4.965806 4.169450 6.409302 1.177539 
6 -1.612074 7.309957 -4.832926 5.756005 -6.920752 2.852621 -6.108871 2.268797 -4.169450 4.965806 -1.177539 6.409302 
6 -7.309957 -1.612074 -5.756005 -4.832926 -2.852621 -6.920752 -2.268797 -6.108871 -4.965806 -4.169450 -6.409302 -1.177539 
6 1.612074 -7.309957 4.832926 -5.756005 6.920752 -2.852621 6.108871 -2.268797 4.169450 -4.965806 1.177539 -6.409302 
6 9.922237 14.387531 -0.050613 17.524559 -10.005177 14.329978 -9.699610 13.377808 -0.047583 16.475299 9.622175 13.433611 
6 -14.387531 9.922237 -17.524559 -0.050613 -14.329978 -10.005177 -13.377808 -9.699610 -16.475299 -0.047583 -13.433611 9.622175 
6 -9.922237 -14.387531 0.050613 -17.524559 10.005177 -14.329978 9.699610 -13.377808 0.047583 -16.475299 -9.622175 -13.433611 
6 14.387531 -9.922237 17.524559 0.050613 14.329978 10.005177 13.377808 9.699610 16.475299 0.047583 13.433611 -9.622175 
6 -5.523047 26.909101 -21.535873 17.153508 -27.462696 -0.635673 -26.513966 -0.951761 -20.702884 16.490026 -5.002763 26.055107 
6 -26.909101 -5.523047 -17.153508 -21.535873 0.635673 -27.462696 0.951761 -26.513966 -16.490026 -20.702884 -26.055107 -5.002763 
6 5.523047 -26.909101 21.535873 -17.153508 27.462696 0.635673 26.513966 0.951761 20.702884 -16.490026 5.002763 -26.055107 
6 26.909101 5.523047 17.153508 21.535873 -0.635673 27.462696 -0.951761 26.513966 16.490026 20.702884 26.055107 5.002763 
6 -34.699937 14.133885 -35.479738 -12.248993 -18.589257 -32.531399 -17.820821 -31.891472 -34.468987 -11.900042 -33.700374 14.104341 
6 -14.133885 -34.699937 12.248993 -35.479738 32.531399 -18.589257 31.891472 -17.820821 11.900042 -34.468987 -14.104341 -33.700374 
6 34.699937 -14.133885 35.479738 12.248993 18.589257 32.531399 17.820821 31.891472 34.468987 11.900042 33.700374 -14.104341 
6 14.133885 34.699937 -12.248993 35.479738 -32.531399 18.589257 -31.891472 17.820821 -11.900042 34.468987 14.104341 33.700374 
