22
4 -40.000000 -41.000000 40.000000 -41.000000 40.000000 -40.000000 -40.000000 -40.000000 
4 -40.000000 40.000000 40.000000 40.000000 40.000000 41.000000 -40.000000 41.000000 
4 -41.000000 -41.000000 -40.000000 -41.000000 -40.000000 41.000000 -41.000000 41.000000 
4 40.000000 -41.000000 41.000000 -41.000000 41.000000 41.000000 40.000000 41.000000 
4 0.500000 32.000000 0.500000 40.000000 -0.500000 40.000000 -0.500000 32.000000 
4 -0.500000 -32.000000 -0.500000 -40.000000 0.500000 -40.000000 0.500000 -32.000000 
6 3.973999 -6.348928 6.145086 -4.318626 7.319802 -1.588098 6.401205 -1.192903 5.309197 -3.731182 3.290970 -5.618537 
6 6.348928 3.973999 4.318626 6.145086 1.588098 7.319802 1.192903 6.401205 3.731182 5.309197 5.618537 3.290970 
6 -3.973999 6.348928 -6.145086 4.318626 -7.319802 1.588098 -6.401205 1.192903 -5.309197 3.731182 -3.290970 5.618537 
6 -6.348928 -3.973999 -4.318626 -6.145086 -1.588098 -7.319802 -1.192903 -6.401205 -3.731182 -5.309197 -5.618537 -3.290970 
6 16.318378 -6.252691 16.912218 4.600553 10.902324 13.657414 10.069086 13.104499 15.895590 4.324004 15.319872 -6.198058 
6 6.252691 16.318378 -4.600553 16.912218 -13.657414 10.902324 -13.104499 10.069086 -4.324004 15.895590 6.198058 15.319872 
6 -16.318378 6.252691 -16.912218 -4.600553 -10.902324 -13.657414 -10.069086 -13.104499 -15.895590 -4.324004 -15.319872 6.198058 
6 -6.252691 -16.318378 4.600553 -16.912218 13.657414 -10.902324 13.104499 -10.069086 4.324004 -15.895590 -6.198058 -15.319872 
6 21.402722 17.218794 5.172556 27.043078 -13.537535 23.901852 -13.371963 22.915654 4.972174 25.995441 20.884890 16.363312 
6 -17.218794 21.402722 -27.043078 5.172556 -23.901852 -13.537535 -22.915654 -13.371963 -25.995441 4.972174 -16.363312 20.884890 
6 -21.402722 -17.218794 -5.172556 -27.043078 13.537535 -23.901852 13.371963 -22.915654 -4.972174 -25.995441 -20.884890 -16.363312 
6 17.218794 -21.402722 27.043078 -5.172556 23.901852 13.537535 22.915654 13.371963 25.995441 -4.972174 16.363312 -20.884890 
6 2.480740 37.386713 -22.492663 30.047480 -36.570985 8.153736 -35.729872 7.612876 -21.853128 29.193138 2.762698 36.427286 
6 -37.386713 2.480740 -30.047480 -22.492663 -8.153736 -36.570985 -7.612876 -35.729872 -29.193138 -21.853128 -36.427286 2.762698 
6 -2.480740 -37.386713 22.492663 -30.047480 36.570985 -8.153736 35.729872 -7.612876 21.853128 -29.193138 -2.762698 -36.427286 
6 37.386713 -2.480740 30.047480 22.492663 8.153736 36.570985 7.612876 35.729872 29.193138 21.853128 36.427286 -2.762698 
