80
5 -33.151003 24.414162 -34.256678 25.935993 -36.045698 25.354705 -36.045698 23.473619 -34.256678 22.892331 
10 30.189767 -10.782852 28.827595 -9.401710 26.545441 -10.067474 26.048046 -12.392138 27.524938 -13.649855 28.475313 -12.533864 27.664472 -11.843354 27.795784 -11.229644 28.398270 -11.053884 29.146128 -11.812156 
6 -12.782069 -1.524661 -13.412521 -3.117820 -12.205364 -4.333713 -11.350287 -3.484780 -12.002094 -2.828256 -11.661681 -1.968026 
12 -1.979536 22.970596 -2.881362 22.365740 -3.219462 21.095158 -2.635923 19.916951 -1.420356 19.415865 -0.392691 19.766643 -0.785644 20.917870 -1.380027 20.714987 -1.749045 20.867105 -1.926194 21.224781 -1.823555 21.610500 -1.301955 21.960338 
6 -27.299299 -11.257857 -27.886539 -10.240728 -29.061018 -10.240728 -29.648257 -11.257857 -29.061018 -12.274986 -27.886539 -12.274986 
14 33.951262 16.557681 35.090526 16.352868 36.388299 16.868257 37.218675 17.990895 37.331580 19.382690 36.693010 20.624491 35.700142 21.219540 34.839561 19.783617 35.422701 19.434128 35.624378 19.041933 35.588720 18.602367 35.326465 18.247807 34.916593 18.085034 34.247470 18.205326 
14 17.682532 -35.711276 18.733378 -36.622008 20.416366 -36.638072 21.709049 -35.560263 21.995870 -33.901819 21.140248 -32.452469 19.826040 -31.997971 19.305940 -33.501872 20.067305 -33.765178 20.328164 -34.207049 20.240719 -34.712668 19.846611 -35.041266 19.333510 -35.036368 18.724719 -34.508750 
3 -32.113260 -24.978274 -33.733429 -24.042870 -33.733429 -25.913679 
5 -29.778142 1.209223 -31.023097 2.922757 -33.037476 2.268245 -33.037476 0.150201 -31.023097 -0.504310 
16 29.165849 -0.195887 30.144557 -0.408659 31.312041 -0.104867 32.216440 0.693486 32.662742 1.814254 32.554711 3.015768 31.915641 4.038948 31.058579 4.557200 30.170717 3.088894 30.677293 2.782576 30.882410 2.454173 30.917084 2.068532 30.773838 1.708807 30.483559 1.452565 30.108841 1.355060 29.530365 1.480820 
3 -36.517509 -9.661891 -38.140261 -8.724995 -38.140261 -10.598787 
7 -16.874958 13.979768 -17.344536 14.954858 -18.399670 15.195685 -19.245822 14.520902 -19.245822 13.438634 -18.399670 12.763850 -17.344536 13.004678 
7 -28.449699 -5.324558 -29.060251 -4.056733 -30.432150 -3.743606 -31.532327 -4.620968 -31.532327 -6.028148 -30.432150 -6.905510 -29.060251 -6.592383 
5 34.786004 -18.814871 33.974544 -17.697991 32.661573 -18.124601 32.661573 -19.505140 33.974544 -19.931751 
8 -36.334361 -13.418730 -36.641393 -12.677489 -37.382634 -12.370457 -38.123875 -12.677489 -38.430907 -13.418730 -38.123875 -14.159971 -37.382634 -14.467003 -36.641393 -14.159971 
3 36.272819 -36.300788 33.604314 -34.760126 33.604314 -37.841451 
5 15.823040 -27.881376 14.948675 -26.677916 13.533922 -27.137597 13.533922 -28.625156 14.948675 -29.084837 
5 -19.398885 1.144112 -20.767445 3.027773 -22.981822 2.308278 -22.981822 -0.020055 -20.767445 -0.739550 
12 19.183671 -10.822297 18.228085 -11.310714 17.745984 -12.517313 18.176910 -13.743120 19.307994 -14.382611 20.359000 -14.165621 20.115333 -12.985402 19.507334 -13.110929 19.163793 -12.916699 19.032909 -12.544388 19.179336 -12.177911 19.732136 -11.895366 
5 -35.852570 18.970542 -36.577144 19.967832 -37.749529 19.586901 -37.749529 18.354183 -36.577144 17.973252 
5 10.619994 -27.720786 9.881850 -26.704818 8.687509 -27.092883 8.687509 -28.348688 9.881850 -28.736753 
8 -0.247154 -13.120474 -0.554740 -12.377896 -1.297318 -12.070310 -2.039896 -12.377896 -2.347482 -13.120474 -2.039896 -13.863052 -1.297318 -14.170638 -0.554740 -13.863052 
8 -31.367745 32.340337 -32.680734 33.518033 -34.503179 32.308301 -33.927701 30.641048 -32.892710 30.998291 -33.191746 31.864648 -32.781101 32.137233 -32.098831 31.525265 
10 -16.550388 24.129931 -17.473133 25.436216 -19.353958 25.896276 -21.074982 25.009013 -21.666556 23.523121 -19.992768 22.856740 -19.650463 23.716528 -19.127409 23.986185 -18.555788 23.846363 -18.021857 23.090503 
7 1.585710 11.277093 0.842312 12.820775 -0.828088 13.202033 -2.167645 12.133772 -2.167645 10.420414 -0.828088 9.352153 0.842312 9.733411 
16 -24.780427 32.400643 -23.767259 31.685910 -22.272357 31.816219 -21.214342 32.880324 -21.092617 34.375950 -21.964636 35.597136 -23.418793 35.967462 -24.534203 35.425969 -23.911742 34.143775 -23.265328 34.457586 -22.821601 34.344584 -22.555510 33.971947 -22.592654 33.515566 -22.915500 33.190861 -23.371660 33.151098 -23.958822 33.565308 
12 -20.644019 -31.422864 -21.638225 -32.014142 -22.119207 -33.328191 -21.662467 -34.650862 -20.473132 -35.388122 -19.325920 -35.239932 -19.500676 -33.887058 -20.166752 -33.973097 -20.531413 -33.747046 -20.671455 -33.341502 -20.523981 -32.938602 -19.946741 -32.595303 
7 27.084116 18.001358 26.584160 19.039525 25.460771 19.295932 24.559883 18.577497 24.559883 17.425218 25.460771 16.706784 26.584160 16.963190 
8 5.197861 -32.324802 4.791836 -31.344572 3.811606 -30.938547 2.831375 -31.344572 2.425351 -32.324802 2.831375 -33.305033 3.811606 -33.711058 4.791836 -33.305033 
4 17.122922 14.950312 15.440824 16.632410 13.758725 14.950312 15.440824 13.268214 
8 18.296673 -0.656227 17.999666 0.060812 17.282627 0.357819 16.565589 0.060812 16.268581 -0.656227 16.565589 -1.373265 17.282627 -1.670272 17.999666 -1.373265 
4 17.542937 -15.943104 15.888415 -14.288581 14.233893 -15.943104 15.888415 -17.597626 
3 14.911588 19.007285 12.574162 20.356799 12.574162 17.657771 
7 12.177098 6.583824 11.616303 7.748328 10.356208 8.035936 9.345689 7.230075 9.345689 5.937574 10.356208 5.131712 11.616303 5.419321 
10 -10.804334 17.596283 -11.916059 17.586744 -12.943977 16.719013 -13.181079 15.394869 -12.633172 14.427490 -11.507210 15.065215 -11.825029 15.626354 -11.752507 16.031368 -11.438100 16.296780 -10.793231 16.302313 
12 -19.570458 -21.466763 -20.839121 -22.573956 -21.178879 -24.582499 -20.170027 -26.352217 -18.268599 -27.083141 -16.669529 -26.555544 -17.289646 -24.676059 -18.217854 -24.982312 -18.800497 -24.758340 -19.109634 -24.216056 -19.005524 -23.600591 -18.269106 -22.957901 
6 -11.350907 -26.950806 -11.954127 -25.905999 -13.160566 -25.905999 -13.763786 -26.950806 -13.160566 -27.995613 -11.954127 -27.995613 
16 12.552137 1.353534 12.273668 1.915971 11.657573 2.354493 10.907354 2.449603 10.201321 2.178696 9.707280 1.606160 9.542653 0.868074 9.711884 0.263721 10.697470 0.539706 10.597605 0.896340 10.650228 1.132271 10.808150 1.315283 11.033834 1.401878 11.273643 1.371476 11.470579 1.231302 11.634906 0.899403 
16 24.799589 35.540640 23.771084 36.602592 22.002602 36.860772 20.444088 35.986003 19.743337 34.341882 20.191615 32.611786 21.602596 31.514828 23.080947 31.508316 23.088937 33.322301 22.228305 33.326092 21.792689 33.664759 21.654291 34.198897 21.870636 34.706491 22.351800 34.976561 22.897789 34.896853 23.496540 34.278631 
14 -14.733079 -34.426747 -14.848651 -35.439414 -14.392691 -36.579801 -13.450533 -37.367658 -12.247454 -37.614603 -11.071119 -37.261589 -10.350509 -36.540776 -11.522450 -35.369164 -11.947644 -35.794477 -12.323561 -35.907288 -12.708025 -35.828373 -13.009107 -35.576600 -13.154816 -35.212171 -13.086624 -34.614650 
3 -2.050635 -1.428655 -3.922633 -0.347856 -3.922633 -2.509453 
16 3.654136 -23.232806 3.722082 -22.384994 3.214920 -21.492112 2.293750 -21.038353 1.276765 -21.180458 0.515257 -21.869340 0.272270 -22.867042 0.570008 -23.663756 1.644548 -23.262192 1.470266 -22.795832 1.546349 -22.483437 1.784788 -22.267738 2.103221 -22.223243 2.391653 -22.365321 2.550453 -22.644896 2.510680 -23.141166 
3 26.873089 -17.993672 24.375262 -16.551551 24.375262 -19.435793 
16 -8.765698 -8.655355 -7.755437 -8.791976 -6.738933 -8.090651 -6.459199 -6.887785 -7.061936 -5.809895 -8.233205 -5.418404 -9.362948 -5.917221 -9.775519 -6.849464 -8.756854 -7.300282 -8.518713 -6.762181 -8.177554 -6.611548 -7.823854 -6.729770 -7.641839 -7.055271 -7.726313 -7.418513 -8.033277 -7.630299 -8.616411 -7.551440 
4 -17.887213 -5.586194 -19.507881 -3.965526 -21.128550 -5.586194 -19.507881 -7.206863 
6 24.198835 1.507640 23.577212 2.584323 22.333966 2.584323 21.712342 1.507640 22.333966 0.430957 23.577212 0.430957 
5 7.806271 20.792454 6.797589 22.180786 5.165507 21.650490 5.165507 19.934418 6.797589 19.404122 
8 29.908903 -6.491687 29.518543 -5.549274 28.576131 -5.158914 27.633718 -5.549274 27.243358 -6.491687 27.633718 -7.434100 28.576131 -7.824460 29.518543 -7.434100 
8 36.156507 -21.343877 33.441471 -22.812296 34.925694 -26.380423 37.881193 -25.490087 37.384410 -23.840999 35.918430 -24.282621 35.629139 -23.587155 36.975845 -22.858793 
16 3.252085 -8.688117 2.490364 -8.905909 1.852010 -9.617296 1.689946 -10.559264 2.053848 -11.443086 2.832174 -11.997862 3.786358 -12.053544 4.480600 -11.671865 3.933526 -10.676783 3.525942 -10.900863 3.224896 -10.883296 2.979334 -10.708263 2.864523 -10.429416 2.915654 -10.132225 3.117055 -9.907782 3.564255 -9.779917 
5 -9.265746 0.903183 -9.988158 1.897497 -11.157044 1.517703 -11.157044 0.288663 -9.988158 -0.091131 
8 12.284639 27.121935 13.326455 25.893011 15.275786 25.748553 16.487370 26.810486 15.406523 28.043649 14.711696 27.434646 14.132919 27.477537 13.535452 28.182308 
10 18.580428 -24.547157 20.019514 -24.926707 21.434950 -23.792495 21.365750 -21.980010 20.136751 -21.140611 19.407986 -22.207625 20.099391 -22.679851 20.118916 -23.191249 19.719547 -23.511271 18.909952 -23.297745 
3 -26.795221 28.896732 -28.482117 29.870662 -28.482117 27.922802 
8 -13.992176 -15.032555 -14.391509 -14.068478 -15.355586 -13.669145 -16.319663 -14.068478 -16.718997 -15.032555 -16.319663 -15.996632 -15.355586 -16.395966 -14.391509 -15.996632 
8 37.471726 -13.267347 37.163400 -12.522982 36.419035 -12.214656 35.674671 -12.522982 35.366345 -13.267347 35.674671 -14.011711 36.419035 -14.320037 37.163400 -14.011711 
6 -7.252562 6.017031 -10.359076 7.427159 -10.636462 4.026872 -9.187426 3.908664 -9.078080 5.249060 -7.853490 4.693186 
5 32.148213 -28.171421 31.255057 -26.942097 29.809899 -27.411657 29.809899 -28.931186 31.255057 -29.400746 
3 15.248474 36.961332 12.869676 38.334732 12.869676 35.587933 
7 5.514543 30.635460 4.830012 32.056905 3.291883 32.407972 2.058399 31.424302 2.058399 29.846618 3.291883 28.862947 4.830012 29.214015 
8 -30.786119 36.947191 -31.168818 37.871108 -32.092736 38.253807 -33.016653 37.871108 -33.399352 36.947191 -33.016653 36.023273 -32.092736 35.640574 -31.168818 36.023273 
4 4.721938 2.022968 3.634001 3.110905 2.546063 2.022968 3.634001 0.935030 
3 8.857413 -8.240284 6.490517 -6.873756 6.490517 -9.606812 
5 21.988704 -4.699306 20.996378 -3.333487 19.390762 -3.855184 19.390762 -5.543428 20.996378 -6.065125 
16 -34.414762 -21.810333 -34.844972 -20.993700 -35.811701 -20.440736 -36.924186 -20.492823 -37.835019 -21.133696 -38.259766 -22.163222 -38.065788 -23.259902 -37.442433 -23.940637 -36.475919 -23.055592 -36.841725 -22.656112 -36.902858 -22.310494 -36.768999 -21.986040 -36.481951 -21.784070 -36.131352 -21.767655 -35.826688 -21.941921 -35.574225 -22.421150 
6 9.464585 10.139990 8.849659 11.205072 7.619809 11.205072 7.004884 10.139990 7.619809 9.074908 8.849659 9.074908 
8 30.703293 11.007279 30.374185 11.801816 29.579648 12.130924 28.785111 11.801816 28.456004 11.007279 28.785111 10.212742 29.579648 9.883634 30.374185 10.212742 
5 -6.333297 21.383693 -7.041343 22.358234 -8.186985 21.985993 -8.186985 20.781393 -7.041343 20.409152 
8 21.934839 24.669766 21.553310 25.590859 20.632218 25.972387 19.711126 25.590859 19.329597 24.669766 19.711126 23.748674 20.632218 23.367145 21.553310 23.748674 
4 -12.408271 26.783433 -13.844672 28.219834 -15.281074 26.783433 -13.844672 25.347031 
5 0.497897 1.845757 -0.362817 3.030429 -1.755483 2.577924 -1.755483 1.113589 -0.362817 0.661085 
4 13.125728 -17.436336 11.441107 -15.751715 9.756486 -17.436336 11.441107 -19.120957 
6 26.645774 -34.017600 24.788435 -32.213632 23.756563 -34.588342 24.759303 -35.024058 25.160997 -34.099615 25.884035 -34.801875 
4 22.040147 4.665170 20.746687 5.958629 19.453228 4.665170 20.746687 3.371710 
7 28.060481 -30.289725 27.603431 -29.340649 26.576447 -29.106247 25.752870 -29.763028 25.752870 -30.816422 26.576447 -31.473203 27.603431 -31.238800 
8 36.278166 -30.706430 35.828649 -29.621201 34.743420 -29.171684 33.658191 -29.621201 33.208674 -30.706430 33.658191 -31.791660 34.743420 -32.241177 35.828649 -31.791660 
8 -26.702606 9.940708 -27.074659 10.838922 -27.972873 11.210975 -28.871088 10.838922 -29.243140 9.940708 -28.871088 9.042493 -27.972873 8.670441 -27.074659 9.042493 
8 18.516935 10.765863 18.141794 11.671533 17.236124 12.046674 16.330453 11.671533 15.955312 10.765863 16.330453 9.860192 17.236124 9.485051 18.141794 9.860192 
16 -7.642930 -32.297222 -7.301607 -31.727822 -7.281620 -30.927835 -7.658270 -30.221781 -8.333837 -29.792842 -9.133046 -29.752305 -9.848546 -30.110687 -10.218672 -30.661799 -9.358957 -31.239183 -9.140893 -30.914488 -8.913114 -30.800398 -8.658687 -30.813303 -8.443622 -30.949855 -8.323716 -31.174626 -8.330078 -31.429301 -8.531173 -31.764770 
7 -3.874799 8.211537 -4.305689 9.106289 -5.273890 9.327275 -6.050327 8.708087 -6.050327 7.714987 -5.273890 7.095799 -4.305689 7.316784 
